0 0.367989 0.480074 0.0104715 0.00851174 0.938999
0 0.296111 0.158405 0.00993168 0.00838746 0.932425
0 0.351923 0.111634 0.0110729 0.00743323 0.925663
0 0.462843 0.584855 0.0108627 0.007496 0.92446
0 0.470699 0.293044 0.0100819 0.00832758 0.92439
0 0.745859 0.384193 0.0106418 0.00769318 0.921958
0 0.707463 0.398194 0.0104123 0.00843411 0.920239
0 0.297881 0.36833 0.00950281 0.00781641 0.920158
0 0.625275 0.321211 0.00972764 0.00722204 0.918998
0 0.349817 0.524659 0.0106967 0.00716806 0.918122
0 0.175549 0.241197 0.00965032 0.00785316 0.915925
0 0.528373 0.406789 0.00984244 0.00791825 0.915473
0 0.628717 0.345134 0.0102736 0.00749255 0.91513
0 0.528176 0.289147 0.00961954 0.00835055 0.914338
0 0.374449 0.337682 0.0100346 0.00838252 0.913751
0 0.664898 0.432791 0.0113082 0.00755343 0.913486
0 0.792665 0.378946 0.0107562 0.00709591 0.913106
0 0.694773 0.55704 0.0107422 0.0074102 0.912816
0 0.761881 0.686714 0.0103881 0.00777514 0.911552
0 0.768614 0.36263 0.0105188 0.00763036 0.91149
0 0.811506 0.511221 0.010366 0.00705855 0.911323
0 0.520896 0.338217 0.010612 0.00792028 0.911012
0 0.726785 0.676009 0.0103111 0.00776818 0.911011
0 0.789974 0.199932 0.0101692 0.00744614 0.910499
0 0.843332 0.444187 0.0109008 0.00774877 0.909633
0 0.485401 0.227069 0.0107824 0.0081955 0.909026
0 0.819034 0.366707 0.0102265 0.00731008 0.908799
0 0.0970546 0.682415 0.0102604 0.00834153 0.908122
0 0.541994 0.205574 0.0105022 0.00858891 0.907781
0 0.6273 0.192549 0.00995091 0.00821932 0.906576
0 0.707072 0.462164 0.0105658 0.00723315 0.905886
0 0.628573 0.524281 0.00962341 0.0077109 0.905027
0 0.857169 0.205559 0.00987171 0.00838474 0.904799
0 0.819757 0.673232 0.010519 0.00823605 0.904561
0 0.681643 0.608651 0.011522 0.00789879 0.904237
0 0.84279 0.514198 0.0112076 0.00777756 0.904186
0 0.738112 0.314331 0.0102203 0.00803863 0.904173
0 0.357031 0.275766 0.0112728 0.00832107 0.903767
0 0.462292 0.473738 0.00964259 0.00809058 0.9029
0 0.807405 0.420992 0.0101103 0.00779182 0.902081
0 0.45454 0.455635 0.0102907 0.00761153 0.901976
0 0.589155 0.226673 0.0089027 0.00736041 0.901953
0 0.727507 0.746117 0.0102411 0.0073138 0.901392
0 0.830507 0.695544 0.00976183 0.00848958 0.901032
0 0.626695 0.660415 0.00955652 0.00827008 0.900861
0 0.298092 0.555995 0.0113673 0.00834728 0.900023
0 0.521747 0.676386 0.00935893 0.0083669 0.899532
0 0.471774 0.782584 0.0102065 0.00826215 0.897651
0 0.804334 0.364736 0.00931715 0.00799349 0.89764
0 0.637169 0.687765 0.00929127 0.00776539 0.897349
0 0.554266 0.744985 0.0104057 0.0072317 0.896515
0 0.899709 0.288546 0.00954159 0.00750312 0.896302
0 0.521801 0.738373 0.00946671 0.0080719 0.89509
0 0.618901 0.350017 0.00915895 0.00763557 0.894564
0 0.868724 0.16284 0.00965607 0.0076138 0.894195
0 0.616162 0.570466 0.00878797 0.00801183 0.894185
0 0.836112 0.791633 0.0102971 0.00711241 0.893085
0 0.495698 0.469174 0.00980349 0.00755861 0.892901
0 0.547759 0.351116 0.00957796 0.00806085 0.890287
0 0.607275 0.491726 0.00938557 0.00779285 0.890148
0 0.456276 0.121572 0.0107423 0.00732828 0.889537
0 0.788567 0.627038 0.0101188 0.00750811 0.889292
0 0.848534 0.398026 0.0103396 0.00830823 0.889262
0 0.702629 0.455806 0.0105043 0.00679528 0.889081
0 0.873171 0.736267 0.0112588 0.00928933 0.888849
0 0.866562 0.731004 0.00944535 0.00793845 0.888141
0 0.840682 0.295355 0.0110959 0.00813184 0.887311
0 0.131527 0.494486 0.010471 0.00742731 0.887006
0 0.39276 0.143726 0.00982202 0.0085567 0.886075
0 0.580371 0.691633 0.00960609 0.00769661 0.885956
0 0.413611 0.735909 0.00941124 0.00787935 0.882815
0 0.146531 0.149396 0.0103463 0.00671093 0.881777
0 0.884284 0.433388 0.0104381 0.00725849 0.881595
0 0.194306 0.592587 0.0104951 0.00745798 0.880033
0 0.735673 0.156251 0.00933571 0.00666408 0.879009
0 0.797261 0.470132 0.0105171 0.00747072 0.878992
0 0.696939 0.344978 0.0102946 0.00877838 0.878866
0 0.897461 0.349596 0.0109121 0.00753288 0.877527
0 0.656216 0.332016 0.0113364 0.007791 0.87746
0 0.155165 0.175405 0.0104633 0.00772867 0.876664
0 0.767459 0.730578 0.01034 0.0069333 0.876327
0 0.568347 0.914572 0.0109114 0.00800499 0.876138
0 0.529876 0.677625 0.00952161 0.00718144 0.876031
0 0.696732 0.124679 0.0102777 0.00782994 0.875017
0 0.888987 0.261038 0.0107854 0.00860254 0.87431
0 0.914834 0.456346 0.00955612 0.00663212 0.870645
0 0.810901 0.260987 0.00931763 0.00790096 0.869185
0 0.095347 0.227287 0.0100136 0.00700159 0.867543
0 0.60207 0.674518 0.00956456 0.00711175 0.866172
0 0.145457 0.534187 0.00998514 0.00803194 0.865603
0 0.89629 0.357377 0.0100318 0.00680315 0.864226
0 0.776207 0.423488 0.00974302 0.00706337 0.864055
0 0.638742 0.61889 0.0107289 0.00756267 0.863777
0 0.291494 0.231828 0.010327 0.00814121 0.86314
0 0.840517 0.65454 0.00972187 0.00711175 0.861007
0 0.899171 0.919826 0.00958688 0.00844895 0.860286
0 0.363982 0.202882 0.0106527 0.00699154 0.860061
0 0.829505 0.459195 0.00894932 0.00752818 0.858777
0 0.5475 0.795905 0.00921695 0.00751937 0.858263
0 0.531063 0.14559 0.00942291 0.00769854 0.857591
0 0.322732 0.170515 0.0102828 0.00824409 0.857566
0 0.397879 0.583619 0.00998619 0.00645852 0.856436
0 0.281985 0.772538 0.0103828 0.00729891 0.854009
0 0.68122 0.779717 0.0102444 0.00818713 0.852926
0 0.627103 0.572536 0.0108075 0.00734444 0.851246
0 0.883571 0.567232 0.00931957 0.0078702 0.850908
0 0.629254 0.909695 0.0103864 0.00732809 0.85018
0 0.834018 0.712146 0.0108909 0.007263 0.847615
0 0.620088 0.727976 0.00967524 0.00868649 0.846728
0 0.784585 0.668179 0.0104798 0.00735147 0.843097
0 0.739762 0.627989 0.0103069 0.00695849 0.8413
0 0.726457 0.376506 0.00981818 0.00758286 0.840833
0 0.535884 0.686818 0.0103411 0.00732258 0.839493
0 0.949387 0.360812 0.00969095 0.0071601 0.837863
0 0.859275 0.754021 0.00943098 0.00770018 0.835634
0 0.671837 0.769339 0.009402 0.00823387 0.825159
0 0.753586 0.502847 0.00941936 0.00755846 0.813904
0 0.570344 0.716369 0.00996754 0.0066033 0.808075
0 0.584368 0.667239 0.00890548 0.00736624 0.803242
0 0.0973038 0.922843 0.0116638 0.00793554 0.801508
0 0.0605592 0.686418 0.0101073 0.00671938 0.795781
0 0.896696 0.590049 0.00882951 0.00620034 0.791862
0 0.408277 0.75419 0.0103062 0.00854753 0.789874
0 0.595395 0.504949 0.00750341 0.00675135 0.775963
0 0.871148 0.651379 0.0107792 0.00780699 0.773715
0 0.639963 0.182137 0.0112289 0.00752072 0.767228
0 0.684396 0.696248 0.0100833 0.007533 0.766849
0 0.891951 0.645711 0.0104436 0.0071789 0.766482
0 0.495834 0.221566 0.0101689 0.00837456 0.762532
0 0.656457 0.513961 0.00973329 0.00811441 0.757526
0 0.768928 0.632226 0.00941839 0.00714759 0.757035
0 0.822995 0.471417 0.00934637 0.00849839 0.750457
0 0.80043 0.759778 0.0107542 0.00747093 0.729592
0 0.8644 0.613447 0.0111786 0.00717956 0.712906
0 0.939424 0.401748 0.0121179 0.00818534 0.711303
0 0.698994 0.71359 0.0102986 0.00779107 0.71116
0 0.602851 0.386343 0.00811941 0.00693494 0.708061
0 0.808239 0.497342 0.0091912 0.00753736 0.693247
0 0.609294 0.319483 0.00994029 0.0068558 0.691411
0 0.768889 0.795242 0.0103599 0.00776121 0.68902
0 0.604426 0.377198 0.00989109 0.00806118 0.68593
0 0.505133 0.713819 0.0101998 0.00774371 0.682113
0 0.894702 0.431649 0.0106828 0.00768565 0.679324
0 0.833599 0.733301 0.00913864 0.00674305 0.678399
0 0.596759 0.43522 0.00830401 0.00672231 0.664408
0 0.940909 0.663579 0.0109491 0.00724066 0.657547
0 0.905908 0.2289 0.00904749 0.00649614 0.633247
0 0.85899 0.63698 0.0101805 0.00744011 0.617477
0 0.634154 0.36083 0.00863365 0.00665877 0.607264
0 0.602623 0.412494 0.00837982 0.00645813 0.522328
0 0.714206 0.335463 0.0103952 0.00817547 0.518735
0 0.90423 0.200653 0.00879407 0.00769234 0.47737
0 0.794892 0.438408 0.0103627 0.00750757 0.473088
0 0.924422 0.395599 0.00874434 0.00740215 0.469591
0 0.910594 0.65874 0.0116714 0.00818295 0.424254
0 0.757317 0.779575 0.0114782 0.00890611 0.407501
0 0.887344 0.525773 0.0107283 0.0076432 0.395401
0 0.952642 0.760799 0.00983837 0.0076208 0.39375
0 0.86776 0.628594 0.0123586 0.0119146 0.391754
0 0.911446 0.638506 0.0104457 0.00743151 0.37713
0 0.869936 0.532774 0.0095453 0.0079339 0.358845
0 0.785347 0.705246 0.0102092 0.00708722 0.357349
0 0.933623 0.43256 0.008817 0.00769303 0.346147
0 0.597755 0.481814 0.00962797 0.00865352 0.344141
0 0.666439 0.372679 0.010661 0.00755576 0.323709
0 0.88706 0.612234 0.00994146 0.00757127 0.308337
0 0.882121 0.662212 0.0102973 0.00819161 0.295004
0 0.610407 0.324681 0.0103742 0.00697802 0.285615
0 0.793307 0.509946 0.0129621 0.00948927 0.270808
0 0.893787 0.727646 0.012577 0.00914425 0.269767
0 0.884278 0.550242 0.00967884 0.00713445 0.264672
0 0.932238 0.169796 0.00935784 0.00713377 0.263877
0 0.890854 0.336996 0.0118416 0.00821589 0.240346
0 0.633896 0.714886 0.00986109 0.00744048 0.229817
0 0.94651 0.674724 0.00971089 0.00808007 0.226426
0 0.732283 0.326333 0.0104844 0.00788395 0.194254
0 0.781816 0.681818 0.00911652 0.00819221 0.186549
0 0.64931 0.824095 0.0118302 0.00871126 0.17747
0 0.75199 0.545494 0.011896 0.00937465 0.168071
0 0.600905 0.288757 0.0080893 0.00637914 0.166613
0 0.947438 0.78589 0.0127983 0.0098682 0.166483
0 0.914156 0.685707 0.012075 0.00959275 0.165988
0 0.840934 0.481816 0.0118384 0.00914537 0.161988
0 0.920396 0.417376 0.0118417 0.00890423 0.15679
0 0.905531 0.419969 0.0125137 0.00919845 0.140255
0 0.928395 0.451808 0.0090068 0.00899167 0.138772
0 0.680999 0.691344 0.0105766 0.00795909 0.132858
0 0.94441 0.694009 0.0115852 0.00897883 0.127755
0 0.763526 0.774139 0.0100769 0.00901449 0.116376
0 0.949043 0.7428 0.00926782 0.00776479 0.114073
0 0.954946 0.467505 0.0122665 0.0106115 0.105722
0 0.367989 0.480074 0.0104715 0.00851174 0.938999
0 0.296111 0.158405 0.00993168 0.00838746 0.932425
0 0.351923 0.111634 0.0110729 0.00743323 0.925663
0 0.462843 0.584855 0.0108627 0.007496 0.92446
0 0.470699 0.293044 0.0100819 0.00832758 0.92439
0 0.745859 0.384193 0.0106418 0.00769318 0.921958
0 0.707463 0.398194 0.0104123 0.00843411 0.920239
0 0.297881 0.36833 0.00950281 0.00781641 0.920158
0 0.625275 0.321211 0.00972764 0.00722204 0.918998
0 0.349817 0.524659 0.0106967 0.00716806 0.918122
0 0.175549 0.241197 0.00965032 0.00785316 0.915925
0 0.528373 0.406789 0.00984244 0.00791825 0.915473
0 0.628717 0.345134 0.0102736 0.00749255 0.91513
0 0.528176 0.289147 0.00961954 0.00835055 0.914338
0 0.374449 0.337682 0.0100346 0.00838252 0.913751
0 0.664898 0.432791 0.0113082 0.00755343 0.913486
0 0.792665 0.378946 0.0107562 0.00709591 0.913106
0 0.694773 0.55704 0.0107422 0.0074102 0.912816
0 0.761881 0.686714 0.0103881 0.00777514 0.911552
0 0.768614 0.36263 0.0105188 0.00763036 0.91149
0 0.811506 0.511221 0.010366 0.00705855 0.911323
0 0.520896 0.338217 0.010612 0.00792028 0.911012
0 0.726785 0.676009 0.0103111 0.00776818 0.911011
0 0.789974 0.199932 0.0101692 0.00744614 0.910499
0 0.843332 0.444187 0.0109008 0.00774877 0.909633
0 0.485401 0.227069 0.0107824 0.0081955 0.909026
0 0.819034 0.366707 0.0102265 0.00731008 0.908799
0 0.0970546 0.682415 0.0102604 0.00834153 0.908122
0 0.541994 0.205574 0.0105022 0.00858891 0.907781
0 0.6273 0.192549 0.00995091 0.00821932 0.906576
0 0.707072 0.462164 0.0105658 0.00723315 0.905886
0 0.628573 0.524281 0.00962341 0.0077109 0.905027
0 0.857169 0.205559 0.00987171 0.00838474 0.904799
0 0.819757 0.673232 0.010519 0.00823605 0.904561
0 0.681643 0.608651 0.011522 0.00789879 0.904237
0 0.84279 0.514198 0.0112076 0.00777756 0.904186
0 0.738112 0.314331 0.0102203 0.00803863 0.904173
0 0.357031 0.275766 0.0112728 0.00832107 0.903767
0 0.462292 0.473738 0.00964259 0.00809058 0.9029
0 0.807405 0.420992 0.0101103 0.00779182 0.902081
0 0.45454 0.455635 0.0102907 0.00761153 0.901976
0 0.589155 0.226673 0.0089027 0.00736041 0.901953
0 0.727507 0.746117 0.0102411 0.0073138 0.901392
0 0.830507 0.695544 0.00976183 0.00848958 0.901032
0 0.626695 0.660415 0.00955652 0.00827008 0.900861
0 0.298092 0.555995 0.0113673 0.00834728 0.900023
0 0.521747 0.676386 0.00935893 0.0083669 0.899532
0 0.471774 0.782584 0.0102065 0.00826215 0.897651
0 0.804334 0.364736 0.00931715 0.00799349 0.89764
0 0.637169 0.687765 0.00929127 0.00776539 0.897349
0 0.554266 0.744985 0.0104057 0.0072317 0.896515
0 0.899709 0.288546 0.00954159 0.00750312 0.896302
0 0.521801 0.738373 0.00946671 0.0080719 0.89509
0 0.618901 0.350017 0.00915895 0.00763557 0.894564
0 0.868724 0.16284 0.00965607 0.0076138 0.894195
0 0.616162 0.570466 0.00878797 0.00801183 0.894185
0 0.836112 0.791633 0.0102971 0.00711241 0.893085
0 0.495698 0.469174 0.00980349 0.00755861 0.892901
0 0.547759 0.351116 0.00957796 0.00806085 0.890287
0 0.607275 0.491726 0.00938557 0.00779285 0.890148
0 0.456276 0.121572 0.0107423 0.00732828 0.889537
0 0.788567 0.627038 0.0101188 0.00750811 0.889292
0 0.848534 0.398026 0.0103396 0.00830823 0.889262
0 0.702629 0.455806 0.0105043 0.00679528 0.889081
0 0.873171 0.736267 0.0112588 0.00928933 0.888849
0 0.866562 0.731004 0.00944535 0.00793845 0.888141
0 0.840682 0.295355 0.0110959 0.00813184 0.887311
0 0.131527 0.494486 0.010471 0.00742731 0.887006
0 0.39276 0.143726 0.00982202 0.0085567 0.886075
0 0.580371 0.691633 0.00960609 0.00769661 0.885956
0 0.413611 0.735909 0.00941124 0.00787935 0.882815
0 0.146531 0.149396 0.0103463 0.00671093 0.881777
0 0.884284 0.433388 0.0104381 0.00725849 0.881595
0 0.194306 0.592587 0.0104951 0.00745798 0.880033
0 0.735673 0.156251 0.00933571 0.00666408 0.879009
0 0.797261 0.470132 0.0105171 0.00747072 0.878992
0 0.696939 0.344978 0.0102946 0.00877838 0.878866
0 0.897461 0.349596 0.0109121 0.00753288 0.877527
0 0.656216 0.332016 0.0113364 0.007791 0.87746
0 0.155165 0.175405 0.0104633 0.00772867 0.876664
0 0.767459 0.730578 0.01034 0.0069333 0.876327
0 0.568347 0.914572 0.0109114 0.00800499 0.876138
0 0.529876 0.677625 0.00952161 0.00718144 0.876031
0 0.696732 0.124679 0.0102777 0.00782994 0.875017
0 0.888987 0.261038 0.0107854 0.00860254 0.87431
0 0.914834 0.456346 0.00955612 0.00663212 0.870645
0 0.810901 0.260987 0.00931763 0.00790096 0.869185
0 0.095347 0.227287 0.0100136 0.00700159 0.867543
0 0.60207 0.674518 0.00956456 0.00711175 0.866172
0 0.145457 0.534187 0.00998514 0.00803194 0.865603
0 0.89629 0.357377 0.0100318 0.00680315 0.864226
0 0.776207 0.423488 0.00974302 0.00706337 0.864055
0 0.638742 0.61889 0.0107289 0.00756267 0.863777
0 0.291494 0.231828 0.010327 0.00814121 0.86314
0 0.840517 0.65454 0.00972187 0.00711175 0.861007
0 0.899171 0.919826 0.00958688 0.00844895 0.860286
0 0.363982 0.202882 0.0106527 0.00699154 0.860061
0 0.829505 0.459195 0.00894932 0.00752818 0.858777
0 0.5475 0.795905 0.00921695 0.00751937 0.858263
0 0.531063 0.14559 0.00942291 0.00769854 0.857591
0 0.322732 0.170515 0.0102828 0.00824409 0.857566
0 0.397879 0.583619 0.00998619 0.00645852 0.856436
0 0.281985 0.772538 0.0103828 0.00729891 0.854009
0 0.68122 0.779717 0.0102444 0.00818713 0.852926
0 0.627103 0.572536 0.0108075 0.00734444 0.851246
0 0.883571 0.567232 0.00931957 0.0078702 0.850908
0 0.629254 0.909695 0.0103864 0.00732809 0.85018
0 0.834018 0.712146 0.0108909 0.007263 0.847615
0 0.620088 0.727976 0.00967524 0.00868649 0.846728
0 0.784585 0.668179 0.0104798 0.00735147 0.843097
0 0.739762 0.627989 0.0103069 0.00695849 0.8413
0 0.726457 0.376506 0.00981818 0.00758286 0.840833
0 0.535884 0.686818 0.0103411 0.00732258 0.839493
0 0.949387 0.360812 0.00969095 0.0071601 0.837863
0 0.859275 0.754021 0.00943098 0.00770018 0.835634
0 0.671837 0.769339 0.009402 0.00823387 0.825159
0 0.753586 0.502847 0.00941936 0.00755846 0.813904
0 0.570344 0.716369 0.00996754 0.0066033 0.808075
0 0.584368 0.667239 0.00890548 0.00736624 0.803242
0 0.0973038 0.922843 0.0116638 0.00793554 0.801508
0 0.0605592 0.686418 0.0101073 0.00671938 0.795781
0 0.896696 0.590049 0.00882951 0.00620034 0.791862
0 0.408277 0.75419 0.0103062 0.00854753 0.789874
0 0.595395 0.504949 0.00750341 0.00675135 0.775963
0 0.871148 0.651379 0.0107792 0.00780699 0.773715
0 0.639963 0.182137 0.0112289 0.00752072 0.767228
0 0.684396 0.696248 0.0100833 0.007533 0.766849
0 0.891951 0.645711 0.0104436 0.0071789 0.766482
0 0.495834 0.221566 0.0101689 0.00837456 0.762532
0 0.656457 0.513961 0.00973329 0.00811441 0.757526
0 0.768928 0.632226 0.00941839 0.00714759 0.757035
0 0.822995 0.471417 0.00934637 0.00849839 0.750457
0 0.80043 0.759778 0.0107542 0.00747093 0.729592
0 0.8644 0.613447 0.0111786 0.00717956 0.712906
0 0.939424 0.401748 0.0121179 0.00818534 0.711303
0 0.698994 0.71359 0.0102986 0.00779107 0.71116
0 0.602851 0.386343 0.00811941 0.00693494 0.708061
0 0.808239 0.497342 0.0091912 0.00753736 0.693247
0 0.609294 0.319483 0.00994029 0.0068558 0.691411
0 0.768889 0.795242 0.0103599 0.00776121 0.68902
0 0.604426 0.377198 0.00989109 0.00806118 0.68593
0 0.505133 0.713819 0.0101998 0.00774371 0.682113
0 0.894702 0.431649 0.0106828 0.00768565 0.679324
0 0.833599 0.733301 0.00913864 0.00674305 0.678399
0 0.596759 0.43522 0.00830401 0.00672231 0.664408
0 0.940909 0.663579 0.0109491 0.00724066 0.657547
0 0.905908 0.2289 0.00904749 0.00649614 0.633247
0 0.85899 0.63698 0.0101805 0.00744011 0.617477
0 0.634154 0.36083 0.00863365 0.00665877 0.607264
0 0.602623 0.412494 0.00837982 0.00645813 0.522328
0 0.714206 0.335463 0.0103952 0.00817547 0.518735
0 0.90423 0.200653 0.00879407 0.00769234 0.47737
0 0.794892 0.438408 0.0103627 0.00750757 0.473088
0 0.924422 0.395599 0.00874434 0.00740215 0.469591
0 0.910594 0.65874 0.0116714 0.00818295 0.424254
0 0.757317 0.779575 0.0114782 0.00890611 0.407501
0 0.887344 0.525773 0.0107283 0.0076432 0.395401
0 0.952642 0.760799 0.00983837 0.0076208 0.39375
0 0.86776 0.628594 0.0123586 0.0119146 0.391754
0 0.911446 0.638506 0.0104457 0.00743151 0.37713
0 0.869936 0.532774 0.0095453 0.0079339 0.358845
0 0.785347 0.705246 0.0102092 0.00708722 0.357349
0 0.933623 0.43256 0.008817 0.00769303 0.346147
0 0.597755 0.481814 0.00962797 0.00865352 0.344141
0 0.666439 0.372679 0.010661 0.00755576 0.323709
0 0.88706 0.612234 0.00994146 0.00757127 0.308337
0 0.882121 0.662212 0.0102973 0.00819161 0.295004
0 0.610407 0.324681 0.0103742 0.00697802 0.285615
0 0.793307 0.509946 0.0129621 0.00948927 0.270808
0 0.893787 0.727646 0.012577 0.00914425 0.269767
0 0.884278 0.550242 0.00967884 0.00713445 0.264672
0 0.932238 0.169796 0.00935784 0.00713377 0.263877
0 0.890854 0.336996 0.0118416 0.00821589 0.240346
0 0.633896 0.714886 0.00986109 0.00744048 0.229817
0 0.94651 0.674724 0.00971089 0.00808007 0.226426
0 0.732283 0.326333 0.0104844 0.00788395 0.194254
0 0.781816 0.681818 0.00911652 0.00819221 0.186549
0 0.64931 0.824095 0.0118302 0.00871126 0.17747
0 0.75199 0.545494 0.011896 0.00937465 0.168071
0 0.600905 0.288757 0.0080893 0.00637914 0.166613
0 0.947438 0.78589 0.0127983 0.0098682 0.166483
0 0.914156 0.685707 0.012075 0.00959275 0.165988
0 0.840934 0.481816 0.0118384 0.00914537 0.161988
0 0.920396 0.417376 0.0118417 0.00890423 0.15679
0 0.905531 0.419969 0.0125137 0.00919845 0.140255
0 0.928395 0.451808 0.0090068 0.00899167 0.138772
0 0.680999 0.691344 0.0105766 0.00795909 0.132858
0 0.94441 0.694009 0.0115852 0.00897883 0.127755
0 0.763526 0.774139 0.0100769 0.00901449 0.116376
0 0.949043 0.7428 0.00926782 0.00776479 0.114073
0 0.954946 0.467505 0.0122665 0.0106115 0.105722
0 0.667579 0.394283 0.0127633 0.00984906 0.880076
0 0.517356 0.410584 0.0146372 0.0121703 0.869808
0 0.469154 0.0471396 0.0107534 0.00883005 0.86549
0 0.243201 0.370894 0.0126096 0.0108019 0.860005
0 0.83784 0.152341 0.0125942 0.00933659 0.859153
0 0.69935 0.633114 0.0155148 0.0105122 0.849322
0 0.376239 0.146706 0.0104452 0.00710338 0.848647
0 0.943535 0.736782 0.00930633 0.0084831 0.846667
0 0.264009 0.33358 0.0102686 0.00889076 0.84485
0 0.636324 0.67319 0.0139053 0.0121821 0.843551
0 0.409515 0.365261 0.013438 0.00845643 0.843135
0 0.912575 0.531958 0.0107968 0.0105086 0.839533
0 0.363833 0.536344 0.0160934 0.0105858 0.833074
0 0.559459 0.742977 0.0129223 0.010962 0.825107
0 0.621261 0.595958 0.0140727 0.0118323 0.820054
0 0.21881 0.668643 0.0131484 0.0104823 0.819091
0 0.764173 0.404156 0.0124531 0.0115901 0.812311
0 0.206165 0.265916 0.0112229 0.00881437 0.807325
0 0.245406 0.976166 0.0166883 0.0118114 0.806621
0 0.696954 0.416211 0.00973487 0.00862866 0.802961
0 0.622058 0.405033 0.0170342 0.0118966 0.798297
0 0.571406 0.549717 0.0155259 0.0102807 0.796971
0 0.579776 0.656242 0.014806 0.0126902 0.794513
0 0.739163 0.157984 0.0122028 0.010579 0.792701
0 0.755951 0.69645 0.0127936 0.0118963 0.786452
0 0.579739 0.256602 0.0139914 0.00912582 0.782438
0 0.448346 0.640999 0.0145034 0.00884447 0.778197
0 0.42399 0.196983 0.0133237 0.0093519 0.777818
0 0.542442 0.858999 0.0149712 0.0115441 0.773814
0 0.693099 0.866687 0.0125072 0.0107967 0.773668
0 0.0307381 0.618156 0.0150313 0.0108287 0.766929
0 0.325763 0.0457611 0.0111419 0.00872777 0.766492
0 0.528986 0.363895 0.0142623 0.0109384 0.765743
0 0.700816 0.234683 0.0136559 0.00863858 0.761335
0 0.351051 0.0765388 0.0116328 0.00780714 0.76081
0 0.797168 0.426405 0.0116313 0.00947749 0.757304
0 0.611774 0.633548 0.0148001 0.0113027 0.74786
0 0.922881 0.373005 0.0121121 0.0109164 0.7427
0 0.343472 0.248739 0.0141883 0.0088669 0.737455
0 0.26577 0.206841 0.0127857 0.0101613 0.73665
0 0.615058 0.659106 0.0132336 0.0107193 0.736202
0 0.429813 0.301996 0.0125453 0.00924649 0.725923
0 0.74879 0.703686 0.0132565 0.0117525 0.714208
0 0.175824 0.673892 0.013485 0.0116904 0.713457
0 0.0768332 0.374619 0.0128573 0.0112788 0.705264
0 0.356505 0.471539 0.0152551 0.0122073 0.703978
0 0.13103 0.208866 0.0120912 0.0107064 0.703101
0 0.683527 0.520772 0.0133407 0.00990846 0.687269
0 0.842515 0.214996 0.0117486 0.00861398 0.68373
0 0.490192 0.520329 0.0135125 0.0118093 0.679386
0 0.323298 0.579019 0.0124598 0.0122818 0.666951
0 0.731602 0.503075 0.0144803 0.00939212 0.660449
0 0.716735 0.631667 0.015728 0.0102112 0.65799
0 0.790636 0.408478 0.0114313 0.00910771 0.650957
0 0.585624 0.23597 0.0153932 0.0089078 0.648613
0 0.342698 0.363086 0.0144792 0.0112003 0.6481
0 0.601455 0.715879 0.0164564 0.0111439 0.638601
0 0.161272 0.206634 0.0137807 0.0117144 0.622983
0 0.578026 0.270547 0.00986695 0.00915552 0.619251
0 0.305456 0.756947 0.0135268 0.0132823 0.617863
0 0.834616 0.393312 0.0148098 0.00929463 0.608451
0 0.698862 0.43627 0.0117242 0.0102799 0.58274
0 0.429105 0.391473 0.013335 0.0101353 0.582011
0 0.702318 0.459481 0.0122744 0.00984816 0.580478
0 0.420383 0.213685 0.0134676 0.0111348 0.577847
0 0.384339 0.570402 0.0146954 0.0112392 0.57023
0 0.862728 0.121327 0.0134955 0.0103958 0.565015
0 0.95365 0.520101 0.0145355 0.0112713 0.564777
0 0.0131593 0.986279 0.0149796 0.0143774 0.562339
0 0.517775 0.379562 0.0142344 0.0120755 0.558263
0 0.354009 0.406972 0.0159363 0.0101215 0.552821
0 0.175139 0.707665 0.0165679 0.0113275 0.547637
0 0.494774 0.210414 0.013615 0.00902224 0.5252
0 0.158954 0.718191 0.016349 0.010555 0.52061
0 0.709858 0.258851 0.0124449 0.00931949 0.497893
0 0.224542 0.21637 0.0141083 0.0101865 0.495841
0 0.433412 0.0919998 0.0120058 0.00808904 0.493176
0 0.549518 0.55225 0.0121034 0.00919312 0.487196
0 0.3886 0.323864 0.0141024 0.00849339 0.482466
0 0.22082 0.0840585 0.0144409 0.00859356 0.458254
0 0.38184 0.517425 0.0132618 0.0107571 0.449023
0 0.733511 0.39801 0.0150527 0.00894913 0.435188
0 0.889807 0.309617 0.0127834 0.00922291 0.42629
0 0.469065 0.179604 0.0133223 0.00961149 0.419687
0 0.471398 0.37775 0.0112694 0.00913605 0.410165
0 0.460789 0.814194 0.0128195 0.0126758 0.397426
0 0.652476 0.394487 0.0133918 0.0104932 0.397082
0 0.630925 0.98063 0.0117975 0.00944386 0.393838
0 0.594078 0.367549 0.0113813 0.0106382 0.385466
0 0.181342 0.0362394 0.0145048 0.00949657 0.338033
0 0.0750237 0.848777 0.0133791 0.0105955 0.333524
0 0.130862 0.337016 0.0141049 0.00852052 0.322573
0 0.155054 0.607747 0.0150283 0.0111201 0.302532
0 0.0251469 0.675614 0.0122584 0.0115824 0.295323
0 0.326372 0.139986 0.0133433 0.00791871 0.293708
0 0.408178 0.831126 0.0148593 0.0132472 0.291681
0 0.173759 0.317788 0.0135729 0.0107445 0.290151
0 0.557271 0.240471 0.0131669 0.00829079 0.287067
0 0.73957 0.437813 0.0109528 0.00817562 0.280864
0 0.137343 0.732878 0.0127021 0.00994207 0.278611
0 0.141632 0.20054 0.0152863 0.00965734 0.275869
0 0.183421 0.608376 0.0127989 0.0118413 0.270468
0 0.603471 0.638329 0.00896543 0.0061353 0.265621
0 0.547699 0.692519 0.0153127 0.0105776 0.258462
0 0.679429 0.415577 0.0146455 0.0124427 0.256145
0 0.705494 0.424049 0.0130434 0.00887577 0.254631
0 0.610917 0.280288 0.00806778 0.00843799 0.244543
0 0.729624 0.459302 0.0129145 0.00751738 0.238974
0 0.61605 0.280306 0.00869553 0.00791983 0.235921
0 0.365056 0.551141 0.0145748 0.0125486 0.224896
0 0.856098 0.37903 0.0157585 0.0101492 0.221937
0 0.785593 0.606245 0.0166062 0.0101909 0.221736
0 0.0257911 0.330425 0.0133437 0.0110989 0.216334
0 0.192632 0.603016 0.0154509 0.0107289 0.215763
0 0.650429 0.692265 0.0132691 0.0105946 0.202609
0 0.996396 0.140723 0.00720901 0.0103114 0.198803
0 0.0669338 0.184259 0.0129711 0.00943269 0.19747
0 0.391928 0.541907 0.0129069 0.0115731 0.191871
0 0.714648 0.137668 0.0150457 0.00983132 0.187504
0 0.194809 0.306449 0.0152541 0.00874489 0.183657
0 0.0684874 0.829126 0.0137124 0.00986299 0.17685
0 0.440616 0.213237 0.0118388 0.0100208 0.173471
0 0.00540233 0.757436 0.010795 0.0118056 0.161962
0 0.351382 0.330054 0.013979 0.00868561 0.157468
0 0.725044 0.868856 0.0135623 0.0132383 0.157224
0 0.606497 0.146623 0.0143816 0.0117178 0.156316
0 0.595918 0.12369 0.0123196 0.011626 0.143986
0 0.750774 0.294013 0.0117623 0.00764662 0.140826
0 0.576673 0.687777 0.0138426 0.0105663 0.139952
0 0.752068 0.285143 0.0130314 0.00736679 0.139098
0 0.616623 0.688411 0.015458 0.0106127 0.138294
0 0.651512 0.808888 0.00873602 0.00750866 0.134043
0 0.176829 0.602334 0.0144203 0.011403 0.133311
0 0.00365106 0.263855 0.00730212 0.00856239 0.130114
0 0.431581 0.417718 0.0151185 0.01229 0.128896
0 0.702291 0.279543 0.0142268 0.00954676 0.123101
0 0.504779 0.53694 0.015268 0.0096226 0.122138
0 0.197184 0.128141 0.00929119 0.00733784 0.11937
0 0.996957 0.479881 0.0060713 0.00835988 0.116155
0 0.0229154 0.178439 0.0135127 0.0107495 0.116038
0 0.538842 0.152109 0.0138133 0.00893687 0.115983
0 0.0546757 0.960435 0.0173683 0.0129539 0.113007
0 0.697511 0.525311 0.0123655 0.010165 0.111315
0 0.35634 0.292839 0.014915 0.00988939 0.108344
0 0.547191 0.997833 0.0122867 0.0043335 0.107485
0 0.667579 0.394283 0.0127633 0.00984906 0.880076
0 0.517356 0.410584 0.0146372 0.0121703 0.869808
0 0.469154 0.0471396 0.0107534 0.00883005 0.86549
0 0.243201 0.370894 0.0126096 0.0108019 0.860005
0 0.83784 0.152341 0.0125942 0.00933659 0.859153
0 0.69935 0.633114 0.0155148 0.0105122 0.849322
0 0.376239 0.146706 0.0104452 0.00710338 0.848647
0 0.943535 0.736782 0.00930633 0.0084831 0.846667
0 0.264009 0.33358 0.0102686 0.00889076 0.84485
0 0.636324 0.67319 0.0139053 0.0121821 0.843551
0 0.409515 0.365261 0.013438 0.00845643 0.843135
0 0.912575 0.531958 0.0107968 0.0105086 0.839533
0 0.363833 0.536344 0.0160934 0.0105858 0.833074
0 0.559459 0.742977 0.0129223 0.010962 0.825107
0 0.621261 0.595958 0.0140727 0.0118323 0.820054
0 0.21881 0.668643 0.0131484 0.0104823 0.819091
0 0.764173 0.404156 0.0124531 0.0115901 0.812311
0 0.206165 0.265916 0.0112229 0.00881437 0.807325
0 0.245406 0.976166 0.0166883 0.0118114 0.806621
0 0.696954 0.416211 0.00973487 0.00862866 0.802961
0 0.622058 0.405033 0.0170342 0.0118966 0.798297
0 0.571406 0.549717 0.0155259 0.0102807 0.796971
0 0.579776 0.656242 0.014806 0.0126902 0.794513
0 0.739163 0.157984 0.0122028 0.010579 0.792701
0 0.755951 0.69645 0.0127936 0.0118963 0.786452
0 0.579739 0.256602 0.0139914 0.00912582 0.782438
0 0.448346 0.640999 0.0145034 0.00884447 0.778197
0 0.42399 0.196983 0.0133237 0.0093519 0.777818
0 0.542442 0.858999 0.0149712 0.0115441 0.773814
0 0.693099 0.866687 0.0125072 0.0107967 0.773668
0 0.0307381 0.618156 0.0150313 0.0108287 0.766929
0 0.325763 0.0457611 0.0111419 0.00872777 0.766492
0 0.528986 0.363895 0.0142623 0.0109384 0.765743
0 0.700816 0.234683 0.0136559 0.00863858 0.761335
0 0.351051 0.0765388 0.0116328 0.00780714 0.76081
0 0.797168 0.426405 0.0116313 0.00947749 0.757304
0 0.611774 0.633548 0.0148001 0.0113027 0.74786
0 0.922881 0.373005 0.0121121 0.0109164 0.7427
0 0.343472 0.248739 0.0141883 0.0088669 0.737455
0 0.26577 0.206841 0.0127857 0.0101613 0.73665
0 0.615058 0.659106 0.0132336 0.0107193 0.736202
0 0.429813 0.301996 0.0125453 0.00924649 0.725923
0 0.74879 0.703686 0.0132565 0.0117525 0.714208
0 0.175824 0.673892 0.013485 0.0116904 0.713457
0 0.0768332 0.374619 0.0128573 0.0112788 0.705264
0 0.356505 0.471539 0.0152551 0.0122073 0.703978
0 0.13103 0.208866 0.0120912 0.0107064 0.703101
0 0.683527 0.520772 0.0133407 0.00990846 0.687269
0 0.842515 0.214996 0.0117486 0.00861398 0.68373
0 0.490192 0.520329 0.0135125 0.0118093 0.679386
0 0.323298 0.579019 0.0124598 0.0122818 0.666951
0 0.731602 0.503075 0.0144803 0.00939212 0.660449
0 0.716735 0.631667 0.015728 0.0102112 0.65799
0 0.790636 0.408478 0.0114313 0.00910771 0.650957
0 0.585624 0.23597 0.0153932 0.0089078 0.648613
0 0.342698 0.363086 0.0144792 0.0112003 0.6481
0 0.601455 0.715879 0.0164564 0.0111439 0.638601
0 0.161272 0.206634 0.0137807 0.0117144 0.622983
0 0.578026 0.270547 0.00986695 0.00915552 0.619251
0 0.305456 0.756947 0.0135268 0.0132823 0.617863
0 0.834616 0.393312 0.0148098 0.00929463 0.608451
0 0.698862 0.43627 0.0117242 0.0102799 0.58274
0 0.429105 0.391473 0.013335 0.0101353 0.582011
0 0.702318 0.459481 0.0122744 0.00984816 0.580478
0 0.420383 0.213685 0.0134676 0.0111348 0.577847
0 0.384339 0.570402 0.0146954 0.0112392 0.57023
0 0.862728 0.121327 0.0134955 0.0103958 0.565015
0 0.95365 0.520101 0.0145355 0.0112713 0.564777
0 0.0131593 0.986279 0.0149796 0.0143774 0.562339
0 0.517775 0.379562 0.0142344 0.0120755 0.558263
0 0.354009 0.406972 0.0159363 0.0101215 0.552821
0 0.175139 0.707665 0.0165679 0.0113275 0.547637
0 0.494774 0.210414 0.013615 0.00902224 0.5252
0 0.158954 0.718191 0.016349 0.010555 0.52061
0 0.709858 0.258851 0.0124449 0.00931949 0.497893
0 0.224542 0.21637 0.0141083 0.0101865 0.495841
0 0.433412 0.0919998 0.0120058 0.00808904 0.493176
0 0.549518 0.55225 0.0121034 0.00919312 0.487196
0 0.3886 0.323864 0.0141024 0.00849339 0.482466
0 0.22082 0.0840585 0.0144409 0.00859356 0.458254
0 0.38184 0.517425 0.0132618 0.0107571 0.449023
0 0.733511 0.39801 0.0150527 0.00894913 0.435188
0 0.889807 0.309617 0.0127834 0.00922291 0.42629
0 0.469065 0.179604 0.0133223 0.00961149 0.419687
0 0.471398 0.37775 0.0112694 0.00913605 0.410165
0 0.460789 0.814194 0.0128195 0.0126758 0.397426
0 0.652476 0.394487 0.0133918 0.0104932 0.397082
0 0.630925 0.98063 0.0117975 0.00944386 0.393838
0 0.594078 0.367549 0.0113813 0.0106382 0.385466
0 0.181342 0.0362394 0.0145048 0.00949657 0.338033
0 0.0750237 0.848777 0.0133791 0.0105955 0.333524
0 0.130862 0.337016 0.0141049 0.00852052 0.322573
0 0.155054 0.607747 0.0150283 0.0111201 0.302532
0 0.0251469 0.675614 0.0122584 0.0115824 0.295323
0 0.326372 0.139986 0.0133433 0.00791871 0.293708
0 0.408178 0.831126 0.0148593 0.0132472 0.291681
0 0.173759 0.317788 0.0135729 0.0107445 0.290151
0 0.557271 0.240471 0.0131669 0.00829079 0.287067
0 0.73957 0.437813 0.0109528 0.00817562 0.280864
0 0.137343 0.732878 0.0127021 0.00994207 0.278611
0 0.141632 0.20054 0.0152863 0.00965734 0.275869
0 0.183421 0.608376 0.0127989 0.0118413 0.270468
0 0.603471 0.638329 0.00896543 0.0061353 0.265621
0 0.547699 0.692519 0.0153127 0.0105776 0.258462
0 0.679429 0.415577 0.0146455 0.0124427 0.256145
0 0.705494 0.424049 0.0130434 0.00887577 0.254631
0 0.610917 0.280288 0.00806778 0.00843799 0.244543
0 0.729624 0.459302 0.0129145 0.00751738 0.238974
0 0.61605 0.280306 0.00869553 0.00791983 0.235921
0 0.365056 0.551141 0.0145748 0.0125486 0.224896
0 0.856098 0.37903 0.0157585 0.0101492 0.221937
0 0.785593 0.606245 0.0166062 0.0101909 0.221736
0 0.0257911 0.330425 0.0133437 0.0110989 0.216334
0 0.192632 0.603016 0.0154509 0.0107289 0.215763
0 0.650429 0.692265 0.0132691 0.0105946 0.202609
0 0.996396 0.140723 0.00720901 0.0103114 0.198803
0 0.0669338 0.184259 0.0129711 0.00943269 0.19747
0 0.391928 0.541907 0.0129069 0.0115731 0.191871
0 0.714648 0.137668 0.0150457 0.00983132 0.187504
0 0.194809 0.306449 0.0152541 0.00874489 0.183657
0 0.0684874 0.829126 0.0137124 0.00986299 0.17685
0 0.440616 0.213237 0.0118388 0.0100208 0.173471
0 0.00540233 0.757436 0.010795 0.0118056 0.161962
0 0.351382 0.330054 0.013979 0.00868561 0.157468
0 0.725044 0.868856 0.0135623 0.0132383 0.157224
0 0.606497 0.146623 0.0143816 0.0117178 0.156316
0 0.595918 0.12369 0.0123196 0.011626 0.143986
0 0.750774 0.294013 0.0117623 0.00764662 0.140826
0 0.576673 0.687777 0.0138426 0.0105663 0.139952
0 0.752068 0.285143 0.0130314 0.00736679 0.139098
0 0.616623 0.688411 0.015458 0.0106127 0.138294
0 0.651512 0.808888 0.00873602 0.00750866 0.134043
0 0.176829 0.602334 0.0144203 0.011403 0.133311
0 0.00365106 0.263855 0.00730212 0.00856239 0.130114
0 0.431581 0.417718 0.0151185 0.01229 0.128896
0 0.702291 0.279543 0.0142268 0.00954676 0.123101
0 0.504779 0.53694 0.015268 0.0096226 0.122138
0 0.197184 0.128141 0.00929119 0.00733784 0.11937
0 0.996957 0.479881 0.0060713 0.00835988 0.116155
0 0.0229154 0.178439 0.0135127 0.0107495 0.116038
0 0.538842 0.152109 0.0138133 0.00893687 0.115983
0 0.0546757 0.960435 0.0173683 0.0129539 0.113007
0 0.697511 0.525311 0.0123655 0.010165 0.111315
0 0.35634 0.292839 0.014915 0.00988939 0.108344
0 0.547191 0.997833 0.0122867 0.0043335 0.107485
0 0.667579 0.394283 0.0127633 0.00984906 0.880076
0 0.517356 0.410584 0.0146372 0.0121703 0.869808
0 0.469154 0.0471396 0.0107534 0.00883005 0.86549
0 0.243201 0.370894 0.0126096 0.0108019 0.860005
0 0.83784 0.152341 0.0125942 0.00933659 0.859153
0 0.69935 0.633114 0.0155148 0.0105122 0.849322
0 0.376239 0.146706 0.0104452 0.00710338 0.848647
0 0.943535 0.736782 0.00930633 0.0084831 0.846667
0 0.264009 0.33358 0.0102686 0.00889076 0.84485
0 0.636324 0.67319 0.0139053 0.0121821 0.843551
0 0.409515 0.365261 0.013438 0.00845643 0.843135
0 0.912575 0.531958 0.0107968 0.0105086 0.839533
0 0.363833 0.536344 0.0160934 0.0105858 0.833074
0 0.559459 0.742977 0.0129223 0.010962 0.825107
0 0.621261 0.595958 0.0140727 0.0118323 0.820054
0 0.21881 0.668643 0.0131484 0.0104823 0.819091
0 0.764173 0.404156 0.0124531 0.0115901 0.812311
0 0.206165 0.265916 0.0112229 0.00881437 0.807325
0 0.245406 0.976166 0.0166883 0.0118114 0.806621
0 0.696954 0.416211 0.00973487 0.00862866 0.802961
0 0.622058 0.405033 0.0170342 0.0118966 0.798297
0 0.571406 0.549717 0.0155259 0.0102807 0.796971
0 0.579776 0.656242 0.014806 0.0126902 0.794513
0 0.739163 0.157984 0.0122028 0.010579 0.792701
0 0.755951 0.69645 0.0127936 0.0118963 0.786452
0 0.579739 0.256602 0.0139914 0.00912582 0.782438
0 0.448346 0.640999 0.0145034 0.00884447 0.778197
0 0.42399 0.196983 0.0133237 0.0093519 0.777818
0 0.542442 0.858999 0.0149712 0.0115441 0.773814
0 0.693099 0.866687 0.0125072 0.0107967 0.773668
0 0.0307381 0.618156 0.0150313 0.0108287 0.766929
0 0.325763 0.0457611 0.0111419 0.00872777 0.766492
0 0.528986 0.363895 0.0142623 0.0109384 0.765743
0 0.700816 0.234683 0.0136559 0.00863858 0.761335
0 0.351051 0.0765388 0.0116328 0.00780714 0.76081
0 0.797168 0.426405 0.0116313 0.00947749 0.757304
0 0.611774 0.633548 0.0148001 0.0113027 0.74786
0 0.922881 0.373005 0.0121121 0.0109164 0.7427
0 0.343472 0.248739 0.0141883 0.0088669 0.737455
0 0.26577 0.206841 0.0127857 0.0101613 0.73665
0 0.615058 0.659106 0.0132336 0.0107193 0.736202
0 0.429813 0.301996 0.0125453 0.00924649 0.725923
0 0.74879 0.703686 0.0132565 0.0117525 0.714208
0 0.175824 0.673892 0.013485 0.0116904 0.713457
0 0.0768332 0.374619 0.0128573 0.0112788 0.705264
0 0.356505 0.471539 0.0152551 0.0122073 0.703978
0 0.13103 0.208866 0.0120912 0.0107064 0.703101
0 0.683527 0.520772 0.0133407 0.00990846 0.687269
0 0.842515 0.214996 0.0117486 0.00861398 0.68373
0 0.490192 0.520329 0.0135125 0.0118093 0.679386
0 0.323298 0.579019 0.0124598 0.0122818 0.666951
0 0.731602 0.503075 0.0144803 0.00939212 0.660449
0 0.716735 0.631667 0.015728 0.0102112 0.65799
0 0.790636 0.408478 0.0114313 0.00910771 0.650957
0 0.585624 0.23597 0.0153932 0.0089078 0.648613
0 0.342698 0.363086 0.0144792 0.0112003 0.6481
0 0.601455 0.715879 0.0164564 0.0111439 0.638601
0 0.161272 0.206634 0.0137807 0.0117144 0.622983
0 0.578026 0.270547 0.00986695 0.00915552 0.619251
0 0.305456 0.756947 0.0135268 0.0132823 0.617863
0 0.834616 0.393312 0.0148098 0.00929463 0.608451
0 0.698862 0.43627 0.0117242 0.0102799 0.58274
0 0.429105 0.391473 0.013335 0.0101353 0.582011
0 0.702318 0.459481 0.0122744 0.00984816 0.580478
0 0.420383 0.213685 0.0134676 0.0111348 0.577847
0 0.384339 0.570402 0.0146954 0.0112392 0.57023
0 0.862728 0.121327 0.0134955 0.0103958 0.565015
0 0.95365 0.520101 0.0145355 0.0112713 0.564777
0 0.0131593 0.986279 0.0149796 0.0143774 0.562339
0 0.517775 0.379562 0.0142344 0.0120755 0.558263
0 0.354009 0.406972 0.0159363 0.0101215 0.552821
0 0.175139 0.707665 0.0165679 0.0113275 0.547637
0 0.494774 0.210414 0.013615 0.00902224 0.5252
0 0.158954 0.718191 0.016349 0.010555 0.52061
0 0.709858 0.258851 0.0124449 0.00931949 0.497893
0 0.224542 0.21637 0.0141083 0.0101865 0.495841
0 0.433412 0.0919998 0.0120058 0.00808904 0.493176
0 0.549518 0.55225 0.0121034 0.00919312 0.487196
0 0.3886 0.323864 0.0141024 0.00849339 0.482466
0 0.22082 0.0840585 0.0144409 0.00859356 0.458254
0 0.38184 0.517425 0.0132618 0.0107571 0.449023
0 0.733511 0.39801 0.0150527 0.00894913 0.435188
0 0.889807 0.309617 0.0127834 0.00922291 0.42629
0 0.469065 0.179604 0.0133223 0.00961149 0.419687
0 0.471398 0.37775 0.0112694 0.00913605 0.410165
0 0.460789 0.814194 0.0128195 0.0126758 0.397426
0 0.652476 0.394487 0.0133918 0.0104932 0.397082
0 0.630925 0.98063 0.0117975 0.00944386 0.393838
0 0.594078 0.367549 0.0113813 0.0106382 0.385466
0 0.181342 0.0362394 0.0145048 0.00949657 0.338033
0 0.0750237 0.848777 0.0133791 0.0105955 0.333524
0 0.130862 0.337016 0.0141049 0.00852052 0.322573
0 0.155054 0.607747 0.0150283 0.0111201 0.302532
0 0.0251469 0.675614 0.0122584 0.0115824 0.295323
0 0.326372 0.139986 0.0133433 0.00791871 0.293708
0 0.408178 0.831126 0.0148593 0.0132472 0.291681
0 0.173759 0.317788 0.0135729 0.0107445 0.290151
0 0.557271 0.240471 0.0131669 0.00829079 0.287067
0 0.73957 0.437813 0.0109528 0.00817562 0.280864
0 0.137343 0.732878 0.0127021 0.00994207 0.278611
0 0.141632 0.20054 0.0152863 0.00965734 0.275869
0 0.183421 0.608376 0.0127989 0.0118413 0.270468
0 0.603471 0.638329 0.00896543 0.0061353 0.265621
0 0.547699 0.692519 0.0153127 0.0105776 0.258462
0 0.679429 0.415577 0.0146455 0.0124427 0.256145
0 0.705494 0.424049 0.0130434 0.00887577 0.254631
0 0.610917 0.280288 0.00806778 0.00843799 0.244543
0 0.729624 0.459302 0.0129145 0.00751738 0.238974
0 0.61605 0.280306 0.00869553 0.00791983 0.235921
0 0.365056 0.551141 0.0145748 0.0125486 0.224896
0 0.856098 0.37903 0.0157585 0.0101492 0.221937
0 0.785593 0.606245 0.0166062 0.0101909 0.221736
0 0.0257911 0.330425 0.0133437 0.0110989 0.216334
0 0.192632 0.603016 0.0154509 0.0107289 0.215763
0 0.650429 0.692265 0.0132691 0.0105946 0.202609
0 0.996396 0.140723 0.00720901 0.0103114 0.198803
0 0.0669338 0.184259 0.0129711 0.00943269 0.19747
0 0.391928 0.541907 0.0129069 0.0115731 0.191871
0 0.714648 0.137668 0.0150457 0.00983132 0.187504
0 0.194809 0.306449 0.0152541 0.00874489 0.183657
0 0.0684874 0.829126 0.0137124 0.00986299 0.17685
0 0.440616 0.213237 0.0118388 0.0100208 0.173471
0 0.00540233 0.757436 0.010795 0.0118056 0.161962
0 0.351382 0.330054 0.013979 0.00868561 0.157468
0 0.725044 0.868856 0.0135623 0.0132383 0.157224
0 0.606497 0.146623 0.0143816 0.0117178 0.156316
0 0.595918 0.12369 0.0123196 0.011626 0.143986
0 0.750774 0.294013 0.0117623 0.00764662 0.140826
0 0.576673 0.687777 0.0138426 0.0105663 0.139952
0 0.752068 0.285143 0.0130314 0.00736679 0.139098
0 0.616623 0.688411 0.015458 0.0106127 0.138294
0 0.651512 0.808888 0.00873602 0.00750866 0.134043
0 0.176829 0.602334 0.0144203 0.011403 0.133311
0 0.00365106 0.263855 0.00730212 0.00856239 0.130114
0 0.431581 0.417718 0.0151185 0.01229 0.128896
0 0.702291 0.279543 0.0142268 0.00954676 0.123101
0 0.504779 0.53694 0.015268 0.0096226 0.122138
0 0.197184 0.128141 0.00929119 0.00733784 0.11937
0 0.996957 0.479881 0.0060713 0.00835988 0.116155
0 0.0229154 0.178439 0.0135127 0.0107495 0.116038
0 0.538842 0.152109 0.0138133 0.00893687 0.115983
0 0.0546757 0.960435 0.0173683 0.0129539 0.113007
0 0.697511 0.525311 0.0123655 0.010165 0.111315
0 0.35634 0.292839 0.014915 0.00988939 0.108344
0 0.547191 0.997833 0.0122867 0.0043335 0.107485
0 0.667579 0.394283 0.0127633 0.00984906 0.880076
0 0.517356 0.410584 0.0146372 0.0121703 0.869808
0 0.469154 0.0471396 0.0107534 0.00883005 0.86549
0 0.243201 0.370894 0.0126096 0.0108019 0.860005
0 0.83784 0.152341 0.0125942 0.00933659 0.859153
0 0.69935 0.633114 0.0155148 0.0105122 0.849322
0 0.376239 0.146706 0.0104452 0.00710338 0.848647
0 0.943535 0.736782 0.00930633 0.0084831 0.846667
0 0.264009 0.33358 0.0102686 0.00889076 0.84485
0 0.636324 0.67319 0.0139053 0.0121821 0.843551
0 0.409515 0.365261 0.013438 0.00845643 0.843135
0 0.912575 0.531958 0.0107968 0.0105086 0.839533
0 0.363833 0.536344 0.0160934 0.0105858 0.833074
0 0.559459 0.742977 0.0129223 0.010962 0.825107
0 0.621261 0.595958 0.0140727 0.0118323 0.820054
0 0.21881 0.668643 0.0131484 0.0104823 0.819091
0 0.764173 0.404156 0.0124531 0.0115901 0.812311
0 0.206165 0.265916 0.0112229 0.00881437 0.807325
0 0.245406 0.976166 0.0166883 0.0118114 0.806621
0 0.696954 0.416211 0.00973487 0.00862866 0.802961
0 0.622058 0.405033 0.0170342 0.0118966 0.798297
0 0.571406 0.549717 0.0155259 0.0102807 0.796971
0 0.579776 0.656242 0.014806 0.0126902 0.794513
0 0.739163 0.157984 0.0122028 0.010579 0.792701
0 0.755951 0.69645 0.0127936 0.0118963 0.786452
0 0.579739 0.256602 0.0139914 0.00912582 0.782438
0 0.448346 0.640999 0.0145034 0.00884447 0.778197
0 0.42399 0.196983 0.0133237 0.0093519 0.777818
0 0.542442 0.858999 0.0149712 0.0115441 0.773814
0 0.693099 0.866687 0.0125072 0.0107967 0.773668
0 0.0307381 0.618156 0.0150313 0.0108287 0.766929
0 0.325763 0.0457611 0.0111419 0.00872777 0.766492
0 0.528986 0.363895 0.0142623 0.0109384 0.765743
0 0.700816 0.234683 0.0136559 0.00863858 0.761335
0 0.351051 0.0765388 0.0116328 0.00780714 0.76081
0 0.797168 0.426405 0.0116313 0.00947749 0.757304
0 0.611774 0.633548 0.0148001 0.0113027 0.74786
0 0.922881 0.373005 0.0121121 0.0109164 0.7427
0 0.343472 0.248739 0.0141883 0.0088669 0.737455
0 0.26577 0.206841 0.0127857 0.0101613 0.73665
0 0.615058 0.659106 0.0132336 0.0107193 0.736202
0 0.429813 0.301996 0.0125453 0.00924649 0.725923
0 0.74879 0.703686 0.0132565 0.0117525 0.714208
0 0.175824 0.673892 0.013485 0.0116904 0.713457
0 0.0768332 0.374619 0.0128573 0.0112788 0.705264
0 0.356505 0.471539 0.0152551 0.0122073 0.703978
0 0.13103 0.208866 0.0120912 0.0107064 0.703101
0 0.683527 0.520772 0.0133407 0.00990846 0.687269
0 0.842515 0.214996 0.0117486 0.00861398 0.68373
0 0.490192 0.520329 0.0135125 0.0118093 0.679386
0 0.323298 0.579019 0.0124598 0.0122818 0.666951
0 0.731602 0.503075 0.0144803 0.00939212 0.660449
0 0.716735 0.631667 0.015728 0.0102112 0.65799
0 0.790636 0.408478 0.0114313 0.00910771 0.650957
0 0.585624 0.23597 0.0153932 0.0089078 0.648613
0 0.342698 0.363086 0.0144792 0.0112003 0.6481
0 0.601455 0.715879 0.0164564 0.0111439 0.638601
0 0.161272 0.206634 0.0137807 0.0117144 0.622983
0 0.578026 0.270547 0.00986695 0.00915552 0.619251
0 0.305456 0.756947 0.0135268 0.0132823 0.617863
0 0.834616 0.393312 0.0148098 0.00929463 0.608451
0 0.698862 0.43627 0.0117242 0.0102799 0.58274
0 0.429105 0.391473 0.013335 0.0101353 0.582011
0 0.702318 0.459481 0.0122744 0.00984816 0.580478
0 0.420383 0.213685 0.0134676 0.0111348 0.577847
0 0.384339 0.570402 0.0146954 0.0112392 0.57023
0 0.862728 0.121327 0.0134955 0.0103958 0.565015
0 0.95365 0.520101 0.0145355 0.0112713 0.564777
0 0.0131593 0.986279 0.0149796 0.0143774 0.562339
0 0.517775 0.379562 0.0142344 0.0120755 0.558263
0 0.354009 0.406972 0.0159363 0.0101215 0.552821
0 0.175139 0.707665 0.0165679 0.0113275 0.547637
0 0.494774 0.210414 0.013615 0.00902224 0.5252
0 0.158954 0.718191 0.016349 0.010555 0.52061
0 0.709858 0.258851 0.0124449 0.00931949 0.497893
0 0.224542 0.21637 0.0141083 0.0101865 0.495841
0 0.433412 0.0919998 0.0120058 0.00808904 0.493176
0 0.549518 0.55225 0.0121034 0.00919312 0.487196
0 0.3886 0.323864 0.0141024 0.00849339 0.482466
0 0.22082 0.0840585 0.0144409 0.00859356 0.458254
0 0.38184 0.517425 0.0132618 0.0107571 0.449023
0 0.733511 0.39801 0.0150527 0.00894913 0.435188
0 0.889807 0.309617 0.0127834 0.00922291 0.42629
0 0.469065 0.179604 0.0133223 0.00961149 0.419687
0 0.471398 0.37775 0.0112694 0.00913605 0.410165
0 0.460789 0.814194 0.0128195 0.0126758 0.397426
0 0.652476 0.394487 0.0133918 0.0104932 0.397082
0 0.630925 0.98063 0.0117975 0.00944386 0.393838
0 0.594078 0.367549 0.0113813 0.0106382 0.385466
0 0.181342 0.0362394 0.0145048 0.00949657 0.338033
0 0.0750237 0.848777 0.0133791 0.0105955 0.333524
0 0.130862 0.337016 0.0141049 0.00852052 0.322573
0 0.155054 0.607747 0.0150283 0.0111201 0.302532
0 0.0251469 0.675614 0.0122584 0.0115824 0.295323
0 0.326372 0.139986 0.0133433 0.00791871 0.293708
0 0.408178 0.831126 0.0148593 0.0132472 0.291681
0 0.173759 0.317788 0.0135729 0.0107445 0.290151
0 0.557271 0.240471 0.0131669 0.00829079 0.287067
0 0.73957 0.437813 0.0109528 0.00817562 0.280864
0 0.137343 0.732878 0.0127021 0.00994207 0.278611
0 0.141632 0.20054 0.0152863 0.00965734 0.275869
0 0.183421 0.608376 0.0127989 0.0118413 0.270468
0 0.603471 0.638329 0.00896543 0.0061353 0.265621
0 0.547699 0.692519 0.0153127 0.0105776 0.258462
0 0.679429 0.415577 0.0146455 0.0124427 0.256145
0 0.705494 0.424049 0.0130434 0.00887577 0.254631
0 0.610917 0.280288 0.00806778 0.00843799 0.244543
0 0.729624 0.459302 0.0129145 0.00751738 0.238974
0 0.61605 0.280306 0.00869553 0.00791983 0.235921
0 0.365056 0.551141 0.0145748 0.0125486 0.224896
0 0.856098 0.37903 0.0157585 0.0101492 0.221937
0 0.785593 0.606245 0.0166062 0.0101909 0.221736
0 0.0257911 0.330425 0.0133437 0.0110989 0.216334
0 0.192632 0.603016 0.0154509 0.0107289 0.215763
0 0.650429 0.692265 0.0132691 0.0105946 0.202609
0 0.996396 0.140723 0.00720901 0.0103114 0.198803
0 0.0669338 0.184259 0.0129711 0.00943269 0.19747
0 0.391928 0.541907 0.0129069 0.0115731 0.191871
0 0.714648 0.137668 0.0150457 0.00983132 0.187504
0 0.194809 0.306449 0.0152541 0.00874489 0.183657
0 0.0684874 0.829126 0.0137124 0.00986299 0.17685
0 0.440616 0.213237 0.0118388 0.0100208 0.173471
0 0.00540233 0.757436 0.010795 0.0118056 0.161962
0 0.351382 0.330054 0.013979 0.00868561 0.157468
0 0.725044 0.868856 0.0135623 0.0132383 0.157224
0 0.606497 0.146623 0.0143816 0.0117178 0.156316
0 0.595918 0.12369 0.0123196 0.011626 0.143986
0 0.750774 0.294013 0.0117623 0.00764662 0.140826
0 0.576673 0.687777 0.0138426 0.0105663 0.139952
0 0.752068 0.285143 0.0130314 0.00736679 0.139098
0 0.616623 0.688411 0.015458 0.0106127 0.138294
0 0.651512 0.808888 0.00873602 0.00750866 0.134043
0 0.176829 0.602334 0.0144203 0.011403 0.133311
0 0.00365106 0.263855 0.00730212 0.00856239 0.130114
0 0.431581 0.417718 0.0151185 0.01229 0.128896
0 0.702291 0.279543 0.0142268 0.00954676 0.123101
0 0.504779 0.53694 0.015268 0.0096226 0.122138
0 0.197184 0.128141 0.00929119 0.00733784 0.11937
0 0.996957 0.479881 0.0060713 0.00835988 0.116155
0 0.0229154 0.178439 0.0135127 0.0107495 0.116038
0 0.538842 0.152109 0.0138133 0.00893687 0.115983
0 0.0546757 0.960435 0.0173683 0.0129539 0.113007
0 0.697511 0.525311 0.0123655 0.010165 0.111315
0 0.35634 0.292839 0.014915 0.00988939 0.108344
0 0.547191 0.997833 0.0122867 0.0043335 0.107485
0 0.667579 0.394283 0.0127633 0.00984906 0.880076
0 0.517356 0.410584 0.0146372 0.0121703 0.869808
0 0.469154 0.0471396 0.0107534 0.00883005 0.86549
0 0.243201 0.370894 0.0126096 0.0108019 0.860005
0 0.83784 0.152341 0.0125942 0.00933659 0.859153
0 0.69935 0.633114 0.0155148 0.0105122 0.849322
0 0.376239 0.146706 0.0104452 0.00710338 0.848647
0 0.943535 0.736782 0.00930633 0.0084831 0.846667
0 0.264009 0.33358 0.0102686 0.00889076 0.84485
0 0.636324 0.67319 0.0139053 0.0121821 0.843551
0 0.409515 0.365261 0.013438 0.00845643 0.843135
0 0.912575 0.531958 0.0107968 0.0105086 0.839533
0 0.363833 0.536344 0.0160934 0.0105858 0.833074
0 0.559459 0.742977 0.0129223 0.010962 0.825107
0 0.621261 0.595958 0.0140727 0.0118323 0.820054
0 0.21881 0.668643 0.0131484 0.0104823 0.819091
0 0.764173 0.404156 0.0124531 0.0115901 0.812311
0 0.206165 0.265916 0.0112229 0.00881437 0.807325
0 0.245406 0.976166 0.0166883 0.0118114 0.806621
0 0.696954 0.416211 0.00973487 0.00862866 0.802961
0 0.622058 0.405033 0.0170342 0.0118966 0.798297
0 0.571406 0.549717 0.0155259 0.0102807 0.796971
0 0.579776 0.656242 0.014806 0.0126902 0.794513
0 0.739163 0.157984 0.0122028 0.010579 0.792701
0 0.755951 0.69645 0.0127936 0.0118963 0.786452
0 0.579739 0.256602 0.0139914 0.00912582 0.782438
0 0.448346 0.640999 0.0145034 0.00884447 0.778197
0 0.42399 0.196983 0.0133237 0.0093519 0.777818
0 0.542442 0.858999 0.0149712 0.0115441 0.773814
0 0.693099 0.866687 0.0125072 0.0107967 0.773668
0 0.0307381 0.618156 0.0150313 0.0108287 0.766929
0 0.325763 0.0457611 0.0111419 0.00872777 0.766492
0 0.528986 0.363895 0.0142623 0.0109384 0.765743
0 0.700816 0.234683 0.0136559 0.00863858 0.761335
0 0.351051 0.0765388 0.0116328 0.00780714 0.76081
0 0.797168 0.426405 0.0116313 0.00947749 0.757304
0 0.611774 0.633548 0.0148001 0.0113027 0.74786
0 0.922881 0.373005 0.0121121 0.0109164 0.7427
0 0.343472 0.248739 0.0141883 0.0088669 0.737455
0 0.26577 0.206841 0.0127857 0.0101613 0.73665
0 0.615058 0.659106 0.0132336 0.0107193 0.736202
0 0.429813 0.301996 0.0125453 0.00924649 0.725923
0 0.74879 0.703686 0.0132565 0.0117525 0.714208
0 0.175824 0.673892 0.013485 0.0116904 0.713457
0 0.0768332 0.374619 0.0128573 0.0112788 0.705264
0 0.356505 0.471539 0.0152551 0.0122073 0.703978
0 0.13103 0.208866 0.0120912 0.0107064 0.703101
0 0.683527 0.520772 0.0133407 0.00990846 0.687269
0 0.842515 0.214996 0.0117486 0.00861398 0.68373
0 0.490192 0.520329 0.0135125 0.0118093 0.679386
0 0.323298 0.579019 0.0124598 0.0122818 0.666951
0 0.731602 0.503075 0.0144803 0.00939212 0.660449
0 0.716735 0.631667 0.015728 0.0102112 0.65799
0 0.790636 0.408478 0.0114313 0.00910771 0.650957
0 0.585624 0.23597 0.0153932 0.0089078 0.648613
0 0.342698 0.363086 0.0144792 0.0112003 0.6481
0 0.601455 0.715879 0.0164564 0.0111439 0.638601
0 0.161272 0.206634 0.0137807 0.0117144 0.622983
0 0.578026 0.270547 0.00986695 0.00915552 0.619251
0 0.305456 0.756947 0.0135268 0.0132823 0.617863
0 0.834616 0.393312 0.0148098 0.00929463 0.608451
0 0.698862 0.43627 0.0117242 0.0102799 0.58274
0 0.429105 0.391473 0.013335 0.0101353 0.582011
0 0.702318 0.459481 0.0122744 0.00984816 0.580478
0 0.420383 0.213685 0.0134676 0.0111348 0.577847
0 0.384339 0.570402 0.0146954 0.0112392 0.57023
0 0.862728 0.121327 0.0134955 0.0103958 0.565015
0 0.95365 0.520101 0.0145355 0.0112713 0.564777
0 0.0131593 0.986279 0.0149796 0.0143774 0.562339
0 0.517775 0.379562 0.0142344 0.0120755 0.558263
0 0.354009 0.406972 0.0159363 0.0101215 0.552821
0 0.175139 0.707665 0.0165679 0.0113275 0.547637
0 0.494774 0.210414 0.013615 0.00902224 0.5252
0 0.158954 0.718191 0.016349 0.010555 0.52061
0 0.709858 0.258851 0.0124449 0.00931949 0.497893
0 0.224542 0.21637 0.0141083 0.0101865 0.495841
0 0.433412 0.0919998 0.0120058 0.00808904 0.493176
0 0.549518 0.55225 0.0121034 0.00919312 0.487196
0 0.3886 0.323864 0.0141024 0.00849339 0.482466
0 0.22082 0.0840585 0.0144409 0.00859356 0.458254
0 0.38184 0.517425 0.0132618 0.0107571 0.449023
0 0.733511 0.39801 0.0150527 0.00894913 0.435188
0 0.889807 0.309617 0.0127834 0.00922291 0.42629
0 0.469065 0.179604 0.0133223 0.00961149 0.419687
0 0.471398 0.37775 0.0112694 0.00913605 0.410165
0 0.460789 0.814194 0.0128195 0.0126758 0.397426
0 0.652476 0.394487 0.0133918 0.0104932 0.397082
0 0.630925 0.98063 0.0117975 0.00944386 0.393838
0 0.594078 0.367549 0.0113813 0.0106382 0.385466
0 0.181342 0.0362394 0.0145048 0.00949657 0.338033
0 0.0750237 0.848777 0.0133791 0.0105955 0.333524
0 0.130862 0.337016 0.0141049 0.00852052 0.322573
0 0.155054 0.607747 0.0150283 0.0111201 0.302532
0 0.0251469 0.675614 0.0122584 0.0115824 0.295323
0 0.326372 0.139986 0.0133433 0.00791871 0.293708
0 0.408178 0.831126 0.0148593 0.0132472 0.291681
0 0.173759 0.317788 0.0135729 0.0107445 0.290151
0 0.557271 0.240471 0.0131669 0.00829079 0.287067
0 0.73957 0.437813 0.0109528 0.00817562 0.280864
0 0.137343 0.732878 0.0127021 0.00994207 0.278611
0 0.141632 0.20054 0.0152863 0.00965734 0.275869
0 0.183421 0.608376 0.0127989 0.0118413 0.270468
0 0.603471 0.638329 0.00896543 0.0061353 0.265621
0 0.547699 0.692519 0.0153127 0.0105776 0.258462
0 0.679429 0.415577 0.0146455 0.0124427 0.256145
0 0.705494 0.424049 0.0130434 0.00887577 0.254631
0 0.610917 0.280288 0.00806778 0.00843799 0.244543
0 0.729624 0.459302 0.0129145 0.00751738 0.238974
0 0.61605 0.280306 0.00869553 0.00791983 0.235921
0 0.365056 0.551141 0.0145748 0.0125486 0.224896
0 0.856098 0.37903 0.0157585 0.0101492 0.221937
0 0.785593 0.606245 0.0166062 0.0101909 0.221736
0 0.0257911 0.330425 0.0133437 0.0110989 0.216334
0 0.192632 0.603016 0.0154509 0.0107289 0.215763
0 0.650429 0.692265 0.0132691 0.0105946 0.202609
0 0.996396 0.140723 0.00720901 0.0103114 0.198803
0 0.0669338 0.184259 0.0129711 0.00943269 0.19747
0 0.391928 0.541907 0.0129069 0.0115731 0.191871
0 0.714648 0.137668 0.0150457 0.00983132 0.187504
0 0.194809 0.306449 0.0152541 0.00874489 0.183657
0 0.0684874 0.829126 0.0137124 0.00986299 0.17685
0 0.440616 0.213237 0.0118388 0.0100208 0.173471
0 0.00540233 0.757436 0.010795 0.0118056 0.161962
0 0.351382 0.330054 0.013979 0.00868561 0.157468
0 0.725044 0.868856 0.0135623 0.0132383 0.157224
0 0.606497 0.146623 0.0143816 0.0117178 0.156316
0 0.595918 0.12369 0.0123196 0.011626 0.143986
0 0.750774 0.294013 0.0117623 0.00764662 0.140826
0 0.576673 0.687777 0.0138426 0.0105663 0.139952
0 0.752068 0.285143 0.0130314 0.00736679 0.139098
0 0.616623 0.688411 0.015458 0.0106127 0.138294
0 0.651512 0.808888 0.00873602 0.00750866 0.134043
0 0.176829 0.602334 0.0144203 0.011403 0.133311
0 0.00365106 0.263855 0.00730212 0.00856239 0.130114
0 0.431581 0.417718 0.0151185 0.01229 0.128896
0 0.702291 0.279543 0.0142268 0.00954676 0.123101
0 0.504779 0.53694 0.015268 0.0096226 0.122138
0 0.197184 0.128141 0.00929119 0.00733784 0.11937
0 0.996957 0.479881 0.0060713 0.00835988 0.116155
0 0.0229154 0.178439 0.0135127 0.0107495 0.116038
0 0.538842 0.152109 0.0138133 0.00893687 0.115983
0 0.0546757 0.960435 0.0173683 0.0129539 0.113007
0 0.697511 0.525311 0.0123655 0.010165 0.111315
0 0.35634 0.292839 0.014915 0.00988939 0.108344
0 0.547191 0.997833 0.0122867 0.0043335 0.107485
0 0.667579 0.394283 0.0127633 0.00984906 0.880076
0 0.517356 0.410584 0.0146372 0.0121703 0.869808
0 0.469154 0.0471396 0.0107534 0.00883005 0.86549
0 0.243201 0.370894 0.0126096 0.0108019 0.860005
0 0.83784 0.152341 0.0125942 0.00933659 0.859153
0 0.69935 0.633114 0.0155148 0.0105122 0.849322
0 0.376239 0.146706 0.0104452 0.00710338 0.848647
0 0.943535 0.736782 0.00930633 0.0084831 0.846667
0 0.264009 0.33358 0.0102686 0.00889076 0.84485
0 0.636324 0.67319 0.0139053 0.0121821 0.843551
0 0.409515 0.365261 0.013438 0.00845643 0.843135
0 0.912575 0.531958 0.0107968 0.0105086 0.839533
0 0.363833 0.536344 0.0160934 0.0105858 0.833074
0 0.559459 0.742977 0.0129223 0.010962 0.825107
0 0.621261 0.595958 0.0140727 0.0118323 0.820054
0 0.21881 0.668643 0.0131484 0.0104823 0.819091
0 0.764173 0.404156 0.0124531 0.0115901 0.812311
0 0.206165 0.265916 0.0112229 0.00881437 0.807325
0 0.245406 0.976166 0.0166883 0.0118114 0.806621
0 0.696954 0.416211 0.00973487 0.00862866 0.802961
0 0.622058 0.405033 0.0170342 0.0118966 0.798297
0 0.571406 0.549717 0.0155259 0.0102807 0.796971
0 0.579776 0.656242 0.014806 0.0126902 0.794513
0 0.739163 0.157984 0.0122028 0.010579 0.792701
0 0.755951 0.69645 0.0127936 0.0118963 0.786452
0 0.579739 0.256602 0.0139914 0.00912582 0.782438
0 0.448346 0.640999 0.0145034 0.00884447 0.778197
0 0.42399 0.196983 0.0133237 0.0093519 0.777818
0 0.542442 0.858999 0.0149712 0.0115441 0.773814
0 0.693099 0.866687 0.0125072 0.0107967 0.773668
0 0.0307381 0.618156 0.0150313 0.0108287 0.766929
0 0.325763 0.0457611 0.0111419 0.00872777 0.766492
0 0.528986 0.363895 0.0142623 0.0109384 0.765743
0 0.700816 0.234683 0.0136559 0.00863858 0.761335
0 0.351051 0.0765388 0.0116328 0.00780714 0.76081
0 0.797168 0.426405 0.0116313 0.00947749 0.757304
0 0.611774 0.633548 0.0148001 0.0113027 0.74786
0 0.922881 0.373005 0.0121121 0.0109164 0.7427
0 0.343472 0.248739 0.0141883 0.0088669 0.737455
0 0.26577 0.206841 0.0127857 0.0101613 0.73665
0 0.615058 0.659106 0.0132336 0.0107193 0.736202
0 0.429813 0.301996 0.0125453 0.00924649 0.725923
0 0.74879 0.703686 0.0132565 0.0117525 0.714208
0 0.175824 0.673892 0.013485 0.0116904 0.713457
0 0.0768332 0.374619 0.0128573 0.0112788 0.705264
0 0.356505 0.471539 0.0152551 0.0122073 0.703978
0 0.13103 0.208866 0.0120912 0.0107064 0.703101
0 0.683527 0.520772 0.0133407 0.00990846 0.687269
0 0.842515 0.214996 0.0117486 0.00861398 0.68373
0 0.490192 0.520329 0.0135125 0.0118093 0.679386
0 0.323298 0.579019 0.0124598 0.0122818 0.666951
0 0.731602 0.503075 0.0144803 0.00939212 0.660449
0 0.716735 0.631667 0.015728 0.0102112 0.65799
0 0.790636 0.408478 0.0114313 0.00910771 0.650957
0 0.585624 0.23597 0.0153932 0.0089078 0.648613
0 0.342698 0.363086 0.0144792 0.0112003 0.6481
0 0.601455 0.715879 0.0164564 0.0111439 0.638601
0 0.161272 0.206634 0.0137807 0.0117144 0.622983
0 0.578026 0.270547 0.00986695 0.00915552 0.619251
0 0.305456 0.756947 0.0135268 0.0132823 0.617863
0 0.834616 0.393312 0.0148098 0.00929463 0.608451
0 0.698862 0.43627 0.0117242 0.0102799 0.58274
0 0.429105 0.391473 0.013335 0.0101353 0.582011
0 0.702318 0.459481 0.0122744 0.00984816 0.580478
0 0.420383 0.213685 0.0134676 0.0111348 0.577847
0 0.384339 0.570402 0.0146954 0.0112392 0.57023
0 0.862728 0.121327 0.0134955 0.0103958 0.565015
0 0.95365 0.520101 0.0145355 0.0112713 0.564777
0 0.0131593 0.986279 0.0149796 0.0143774 0.562339
0 0.517775 0.379562 0.0142344 0.0120755 0.558263
0 0.354009 0.406972 0.0159363 0.0101215 0.552821
0 0.175139 0.707665 0.0165679 0.0113275 0.547637
0 0.494774 0.210414 0.013615 0.00902224 0.5252
0 0.158954 0.718191 0.016349 0.010555 0.52061
0 0.709858 0.258851 0.0124449 0.00931949 0.497893
0 0.224542 0.21637 0.0141083 0.0101865 0.495841
0 0.433412 0.0919998 0.0120058 0.00808904 0.493176
0 0.549518 0.55225 0.0121034 0.00919312 0.487196
0 0.3886 0.323864 0.0141024 0.00849339 0.482466
0 0.22082 0.0840585 0.0144409 0.00859356 0.458254
0 0.38184 0.517425 0.0132618 0.0107571 0.449023
0 0.733511 0.39801 0.0150527 0.00894913 0.435188
0 0.889807 0.309617 0.0127834 0.00922291 0.42629
0 0.469065 0.179604 0.0133223 0.00961149 0.419687
0 0.471398 0.37775 0.0112694 0.00913605 0.410165
0 0.460789 0.814194 0.0128195 0.0126758 0.397426
0 0.652476 0.394487 0.0133918 0.0104932 0.397082
0 0.630925 0.98063 0.0117975 0.00944386 0.393838
0 0.594078 0.367549 0.0113813 0.0106382 0.385466
0 0.181342 0.0362394 0.0145048 0.00949657 0.338033
0 0.0750237 0.848777 0.0133791 0.0105955 0.333524
0 0.130862 0.337016 0.0141049 0.00852052 0.322573
0 0.155054 0.607747 0.0150283 0.0111201 0.302532
0 0.0251469 0.675614 0.0122584 0.0115824 0.295323
0 0.326372 0.139986 0.0133433 0.00791871 0.293708
0 0.408178 0.831126 0.0148593 0.0132472 0.291681
0 0.173759 0.317788 0.0135729 0.0107445 0.290151
0 0.557271 0.240471 0.0131669 0.00829079 0.287067
0 0.73957 0.437813 0.0109528 0.00817562 0.280864
0 0.137343 0.732878 0.0127021 0.00994207 0.278611
0 0.141632 0.20054 0.0152863 0.00965734 0.275869
0 0.183421 0.608376 0.0127989 0.0118413 0.270468
0 0.603471 0.638329 0.00896543 0.0061353 0.265621
0 0.547699 0.692519 0.0153127 0.0105776 0.258462
0 0.679429 0.415577 0.0146455 0.0124427 0.256145
0 0.705494 0.424049 0.0130434 0.00887577 0.254631
0 0.610917 0.280288 0.00806778 0.00843799 0.244543
0 0.729624 0.459302 0.0129145 0.00751738 0.238974
0 0.61605 0.280306 0.00869553 0.00791983 0.235921
0 0.365056 0.551141 0.0145748 0.0125486 0.224896
0 0.856098 0.37903 0.0157585 0.0101492 0.221937
0 0.785593 0.606245 0.0166062 0.0101909 0.221736
0 0.0257911 0.330425 0.0133437 0.0110989 0.216334
0 0.192632 0.603016 0.0154509 0.0107289 0.215763
0 0.650429 0.692265 0.0132691 0.0105946 0.202609
0 0.996396 0.140723 0.00720901 0.0103114 0.198803
0 0.0669338 0.184259 0.0129711 0.00943269 0.19747
0 0.391928 0.541907 0.0129069 0.0115731 0.191871
0 0.714648 0.137668 0.0150457 0.00983132 0.187504
0 0.194809 0.306449 0.0152541 0.00874489 0.183657
0 0.0684874 0.829126 0.0137124 0.00986299 0.17685
0 0.440616 0.213237 0.0118388 0.0100208 0.173471
0 0.00540233 0.757436 0.010795 0.0118056 0.161962
0 0.351382 0.330054 0.013979 0.00868561 0.157468
0 0.725044 0.868856 0.0135623 0.0132383 0.157224
0 0.606497 0.146623 0.0143816 0.0117178 0.156316
0 0.595918 0.12369 0.0123196 0.011626 0.143986
0 0.750774 0.294013 0.0117623 0.00764662 0.140826
0 0.576673 0.687777 0.0138426 0.0105663 0.139952
0 0.752068 0.285143 0.0130314 0.00736679 0.139098
0 0.616623 0.688411 0.015458 0.0106127 0.138294
0 0.651512 0.808888 0.00873602 0.00750866 0.134043
0 0.176829 0.602334 0.0144203 0.011403 0.133311
0 0.00365106 0.263855 0.00730212 0.00856239 0.130114
0 0.431581 0.417718 0.0151185 0.01229 0.128896
0 0.702291 0.279543 0.0142268 0.00954676 0.123101
0 0.504779 0.53694 0.015268 0.0096226 0.122138
0 0.197184 0.128141 0.00929119 0.00733784 0.11937
0 0.996957 0.479881 0.0060713 0.00835988 0.116155
0 0.0229154 0.178439 0.0135127 0.0107495 0.116038
0 0.538842 0.152109 0.0138133 0.00893687 0.115983
0 0.0546757 0.960435 0.0173683 0.0129539 0.113007
0 0.697511 0.525311 0.0123655 0.010165 0.111315
0 0.35634 0.292839 0.014915 0.00988939 0.108344
0 0.547191 0.997833 0.0122867 0.0043335 0.107485
0 0.667579 0.394283 0.0127633 0.00984906 0.880076
0 0.517356 0.410584 0.0146372 0.0121703 0.869808
0 0.469154 0.0471396 0.0107534 0.00883005 0.86549
0 0.243201 0.370894 0.0126096 0.0108019 0.860005
0 0.83784 0.152341 0.0125942 0.00933659 0.859153
0 0.69935 0.633114 0.0155148 0.0105122 0.849322
0 0.376239 0.146706 0.0104452 0.00710338 0.848647
0 0.943535 0.736782 0.00930633 0.0084831 0.846667
0 0.264009 0.33358 0.0102686 0.00889076 0.84485
0 0.636324 0.67319 0.0139053 0.0121821 0.843551
0 0.409515 0.365261 0.013438 0.00845643 0.843135
0 0.912575 0.531958 0.0107968 0.0105086 0.839533
0 0.363833 0.536344 0.0160934 0.0105858 0.833074
0 0.559459 0.742977 0.0129223 0.010962 0.825107
0 0.621261 0.595958 0.0140727 0.0118323 0.820054
0 0.21881 0.668643 0.0131484 0.0104823 0.819091
0 0.764173 0.404156 0.0124531 0.0115901 0.812311
0 0.206165 0.265916 0.0112229 0.00881437 0.807325
0 0.245406 0.976166 0.0166883 0.0118114 0.806621
0 0.696954 0.416211 0.00973487 0.00862866 0.802961
0 0.622058 0.405033 0.0170342 0.0118966 0.798297
0 0.571406 0.549717 0.0155259 0.0102807 0.796971
0 0.579776 0.656242 0.014806 0.0126902 0.794513
0 0.739163 0.157984 0.0122028 0.010579 0.792701
0 0.755951 0.69645 0.0127936 0.0118963 0.786452
0 0.579739 0.256602 0.0139914 0.00912582 0.782438
0 0.448346 0.640999 0.0145034 0.00884447 0.778197
0 0.42399 0.196983 0.0133237 0.0093519 0.777818
0 0.542442 0.858999 0.0149712 0.0115441 0.773814
0 0.693099 0.866687 0.0125072 0.0107967 0.773668
0 0.0307381 0.618156 0.0150313 0.0108287 0.766929
0 0.325763 0.0457611 0.0111419 0.00872777 0.766492
0 0.528986 0.363895 0.0142623 0.0109384 0.765743
0 0.700816 0.234683 0.0136559 0.00863858 0.761335
0 0.351051 0.0765388 0.0116328 0.00780714 0.76081
0 0.797168 0.426405 0.0116313 0.00947749 0.757304
0 0.611774 0.633548 0.0148001 0.0113027 0.74786
0 0.922881 0.373005 0.0121121 0.0109164 0.7427
0 0.343472 0.248739 0.0141883 0.0088669 0.737455
0 0.26577 0.206841 0.0127857 0.0101613 0.73665
0 0.615058 0.659106 0.0132336 0.0107193 0.736202
0 0.429813 0.301996 0.0125453 0.00924649 0.725923
0 0.74879 0.703686 0.0132565 0.0117525 0.714208
0 0.175824 0.673892 0.013485 0.0116904 0.713457
0 0.0768332 0.374619 0.0128573 0.0112788 0.705264
0 0.356505 0.471539 0.0152551 0.0122073 0.703978
0 0.13103 0.208866 0.0120912 0.0107064 0.703101
0 0.683527 0.520772 0.0133407 0.00990846 0.687269
0 0.842515 0.214996 0.0117486 0.00861398 0.68373
0 0.490192 0.520329 0.0135125 0.0118093 0.679386
0 0.323298 0.579019 0.0124598 0.0122818 0.666951
0 0.731602 0.503075 0.0144803 0.00939212 0.660449
0 0.716735 0.631667 0.015728 0.0102112 0.65799
0 0.790636 0.408478 0.0114313 0.00910771 0.650957
0 0.585624 0.23597 0.0153932 0.0089078 0.648613
0 0.342698 0.363086 0.0144792 0.0112003 0.6481
0 0.601455 0.715879 0.0164564 0.0111439 0.638601
0 0.161272 0.206634 0.0137807 0.0117144 0.622983
0 0.578026 0.270547 0.00986695 0.00915552 0.619251
0 0.305456 0.756947 0.0135268 0.0132823 0.617863
0 0.834616 0.393312 0.0148098 0.00929463 0.608451
0 0.698862 0.43627 0.0117242 0.0102799 0.58274
0 0.429105 0.391473 0.013335 0.0101353 0.582011
0 0.702318 0.459481 0.0122744 0.00984816 0.580478
0 0.420383 0.213685 0.0134676 0.0111348 0.577847
0 0.384339 0.570402 0.0146954 0.0112392 0.57023
0 0.862728 0.121327 0.0134955 0.0103958 0.565015
0 0.95365 0.520101 0.0145355 0.0112713 0.564777
0 0.0131593 0.986279 0.0149796 0.0143774 0.562339
0 0.517775 0.379562 0.0142344 0.0120755 0.558263
0 0.354009 0.406972 0.0159363 0.0101215 0.552821
0 0.175139 0.707665 0.0165679 0.0113275 0.547637
0 0.494774 0.210414 0.013615 0.00902224 0.5252
0 0.158954 0.718191 0.016349 0.010555 0.52061
0 0.709858 0.258851 0.0124449 0.00931949 0.497893
0 0.224542 0.21637 0.0141083 0.0101865 0.495841
0 0.433412 0.0919998 0.0120058 0.00808904 0.493176
0 0.549518 0.55225 0.0121034 0.00919312 0.487196
0 0.3886 0.323864 0.0141024 0.00849339 0.482466
0 0.22082 0.0840585 0.0144409 0.00859356 0.458254
0 0.38184 0.517425 0.0132618 0.0107571 0.449023
0 0.733511 0.39801 0.0150527 0.00894913 0.435188
0 0.889807 0.309617 0.0127834 0.00922291 0.42629
0 0.469065 0.179604 0.0133223 0.00961149 0.419687
0 0.471398 0.37775 0.0112694 0.00913605 0.410165
0 0.460789 0.814194 0.0128195 0.0126758 0.397426
0 0.652476 0.394487 0.0133918 0.0104932 0.397082
0 0.630925 0.98063 0.0117975 0.00944386 0.393838
0 0.594078 0.367549 0.0113813 0.0106382 0.385466
0 0.181342 0.0362394 0.0145048 0.00949657 0.338033
0 0.0750237 0.848777 0.0133791 0.0105955 0.333524
0 0.130862 0.337016 0.0141049 0.00852052 0.322573
0 0.155054 0.607747 0.0150283 0.0111201 0.302532
0 0.0251469 0.675614 0.0122584 0.0115824 0.295323
0 0.326372 0.139986 0.0133433 0.00791871 0.293708
0 0.408178 0.831126 0.0148593 0.0132472 0.291681
0 0.173759 0.317788 0.0135729 0.0107445 0.290151
0 0.557271 0.240471 0.0131669 0.00829079 0.287067
0 0.73957 0.437813 0.0109528 0.00817562 0.280864
0 0.137343 0.732878 0.0127021 0.00994207 0.278611
0 0.141632 0.20054 0.0152863 0.00965734 0.275869
0 0.183421 0.608376 0.0127989 0.0118413 0.270468
0 0.603471 0.638329 0.00896543 0.0061353 0.265621
0 0.547699 0.692519 0.0153127 0.0105776 0.258462
0 0.679429 0.415577 0.0146455 0.0124427 0.256145
0 0.705494 0.424049 0.0130434 0.00887577 0.254631
0 0.610917 0.280288 0.00806778 0.00843799 0.244543
0 0.729624 0.459302 0.0129145 0.00751738 0.238974
0 0.61605 0.280306 0.00869553 0.00791983 0.235921
0 0.365056 0.551141 0.0145748 0.0125486 0.224896
0 0.856098 0.37903 0.0157585 0.0101492 0.221937
0 0.785593 0.606245 0.0166062 0.0101909 0.221736
0 0.0257911 0.330425 0.0133437 0.0110989 0.216334
0 0.192632 0.603016 0.0154509 0.0107289 0.215763
0 0.650429 0.692265 0.0132691 0.0105946 0.202609
0 0.996396 0.140723 0.00720901 0.0103114 0.198803
0 0.0669338 0.184259 0.0129711 0.00943269 0.19747
0 0.391928 0.541907 0.0129069 0.0115731 0.191871
0 0.714648 0.137668 0.0150457 0.00983132 0.187504
0 0.194809 0.306449 0.0152541 0.00874489 0.183657
0 0.0684874 0.829126 0.0137124 0.00986299 0.17685
0 0.440616 0.213237 0.0118388 0.0100208 0.173471
0 0.00540233 0.757436 0.010795 0.0118056 0.161962
0 0.351382 0.330054 0.013979 0.00868561 0.157468
0 0.725044 0.868856 0.0135623 0.0132383 0.157224
0 0.606497 0.146623 0.0143816 0.0117178 0.156316
0 0.595918 0.12369 0.0123196 0.011626 0.143986
0 0.750774 0.294013 0.0117623 0.00764662 0.140826
0 0.576673 0.687777 0.0138426 0.0105663 0.139952
0 0.752068 0.285143 0.0130314 0.00736679 0.139098
0 0.616623 0.688411 0.015458 0.0106127 0.138294
0 0.651512 0.808888 0.00873602 0.00750866 0.134043
0 0.176829 0.602334 0.0144203 0.011403 0.133311
0 0.00365106 0.263855 0.00730212 0.00856239 0.130114
0 0.431581 0.417718 0.0151185 0.01229 0.128896
0 0.702291 0.279543 0.0142268 0.00954676 0.123101
0 0.504779 0.53694 0.015268 0.0096226 0.122138
0 0.197184 0.128141 0.00929119 0.00733784 0.11937
0 0.996957 0.479881 0.0060713 0.00835988 0.116155
0 0.0229154 0.178439 0.0135127 0.0107495 0.116038
0 0.538842 0.152109 0.0138133 0.00893687 0.115983
0 0.0546757 0.960435 0.0173683 0.0129539 0.113007
0 0.697511 0.525311 0.0123655 0.010165 0.111315
0 0.35634 0.292839 0.014915 0.00988939 0.108344
0 0.547191 0.997833 0.0122867 0.0043335 0.107485
0 0.667579 0.394283 0.0127633 0.00984906 0.880076
0 0.517356 0.410584 0.0146372 0.0121703 0.869808
0 0.469154 0.0471396 0.0107534 0.00883005 0.86549
0 0.243201 0.370894 0.0126096 0.0108019 0.860005
0 0.83784 0.152341 0.0125942 0.00933659 0.859153
0 0.69935 0.633114 0.0155148 0.0105122 0.849322
0 0.376239 0.146706 0.0104452 0.00710338 0.848647
0 0.943535 0.736782 0.00930633 0.0084831 0.846667
0 0.264009 0.33358 0.0102686 0.00889076 0.84485
0 0.636324 0.67319 0.0139053 0.0121821 0.843551
0 0.409515 0.365261 0.013438 0.00845643 0.843135
0 0.912575 0.531958 0.0107968 0.0105086 0.839533
0 0.363833 0.536344 0.0160934 0.0105858 0.833074
0 0.559459 0.742977 0.0129223 0.010962 0.825107
0 0.621261 0.595958 0.0140727 0.0118323 0.820054
0 0.21881 0.668643 0.0131484 0.0104823 0.819091
0 0.764173 0.404156 0.0124531 0.0115901 0.812311
0 0.206165 0.265916 0.0112229 0.00881437 0.807325
0 0.245406 0.976166 0.0166883 0.0118114 0.806621
0 0.696954 0.416211 0.00973487 0.00862866 0.802961
0 0.622058 0.405033 0.0170342 0.0118966 0.798297
0 0.571406 0.549717 0.0155259 0.0102807 0.796971
0 0.579776 0.656242 0.014806 0.0126902 0.794513
0 0.739163 0.157984 0.0122028 0.010579 0.792701
0 0.755951 0.69645 0.0127936 0.0118963 0.786452
0 0.579739 0.256602 0.0139914 0.00912582 0.782438
0 0.448346 0.640999 0.0145034 0.00884447 0.778197
0 0.42399 0.196983 0.0133237 0.0093519 0.777818
0 0.542442 0.858999 0.0149712 0.0115441 0.773814
0 0.693099 0.866687 0.0125072 0.0107967 0.773668
0 0.0307381 0.618156 0.0150313 0.0108287 0.766929
0 0.325763 0.0457611 0.0111419 0.00872777 0.766492
0 0.528986 0.363895 0.0142623 0.0109384 0.765743
0 0.700816 0.234683 0.0136559 0.00863858 0.761335
0 0.351051 0.0765388 0.0116328 0.00780714 0.76081
0 0.797168 0.426405 0.0116313 0.00947749 0.757304
0 0.611774 0.633548 0.0148001 0.0113027 0.74786
0 0.922881 0.373005 0.0121121 0.0109164 0.7427
0 0.343472 0.248739 0.0141883 0.0088669 0.737455
0 0.26577 0.206841 0.0127857 0.0101613 0.73665
0 0.615058 0.659106 0.0132336 0.0107193 0.736202
0 0.429813 0.301996 0.0125453 0.00924649 0.725923
0 0.74879 0.703686 0.0132565 0.0117525 0.714208
0 0.175824 0.673892 0.013485 0.0116904 0.713457
0 0.0768332 0.374619 0.0128573 0.0112788 0.705264
0 0.356505 0.471539 0.0152551 0.0122073 0.703978
0 0.13103 0.208866 0.0120912 0.0107064 0.703101
0 0.683527 0.520772 0.0133407 0.00990846 0.687269
0 0.842515 0.214996 0.0117486 0.00861398 0.68373
0 0.490192 0.520329 0.0135125 0.0118093 0.679386
0 0.323298 0.579019 0.0124598 0.0122818 0.666951
0 0.731602 0.503075 0.0144803 0.00939212 0.660449
0 0.716735 0.631667 0.015728 0.0102112 0.65799
0 0.790636 0.408478 0.0114313 0.00910771 0.650957
0 0.585624 0.23597 0.0153932 0.0089078 0.648613
0 0.342698 0.363086 0.0144792 0.0112003 0.6481
0 0.601455 0.715879 0.0164564 0.0111439 0.638601
0 0.161272 0.206634 0.0137807 0.0117144 0.622983
0 0.578026 0.270547 0.00986695 0.00915552 0.619251
0 0.305456 0.756947 0.0135268 0.0132823 0.617863
0 0.834616 0.393312 0.0148098 0.00929463 0.608451
0 0.698862 0.43627 0.0117242 0.0102799 0.58274
0 0.429105 0.391473 0.013335 0.0101353 0.582011
0 0.702318 0.459481 0.0122744 0.00984816 0.580478
0 0.420383 0.213685 0.0134676 0.0111348 0.577847
0 0.384339 0.570402 0.0146954 0.0112392 0.57023
0 0.862728 0.121327 0.0134955 0.0103958 0.565015
0 0.95365 0.520101 0.0145355 0.0112713 0.564777
0 0.0131593 0.986279 0.0149796 0.0143774 0.562339
0 0.517775 0.379562 0.0142344 0.0120755 0.558263
0 0.354009 0.406972 0.0159363 0.0101215 0.552821
0 0.175139 0.707665 0.0165679 0.0113275 0.547637
0 0.494774 0.210414 0.013615 0.00902224 0.5252
0 0.158954 0.718191 0.016349 0.010555 0.52061
0 0.709858 0.258851 0.0124449 0.00931949 0.497893
0 0.224542 0.21637 0.0141083 0.0101865 0.495841
0 0.433412 0.0919998 0.0120058 0.00808904 0.493176
0 0.549518 0.55225 0.0121034 0.00919312 0.487196
0 0.3886 0.323864 0.0141024 0.00849339 0.482466
0 0.22082 0.0840585 0.0144409 0.00859356 0.458254
0 0.38184 0.517425 0.0132618 0.0107571 0.449023
0 0.733511 0.39801 0.0150527 0.00894913 0.435188
0 0.889807 0.309617 0.0127834 0.00922291 0.42629
0 0.469065 0.179604 0.0133223 0.00961149 0.419687
0 0.471398 0.37775 0.0112694 0.00913605 0.410165
0 0.460789 0.814194 0.0128195 0.0126758 0.397426
0 0.652476 0.394487 0.0133918 0.0104932 0.397082
0 0.630925 0.98063 0.0117975 0.00944386 0.393838
0 0.594078 0.367549 0.0113813 0.0106382 0.385466
0 0.181342 0.0362394 0.0145048 0.00949657 0.338033
0 0.0750237 0.848777 0.0133791 0.0105955 0.333524
0 0.130862 0.337016 0.0141049 0.00852052 0.322573
0 0.155054 0.607747 0.0150283 0.0111201 0.302532
0 0.0251469 0.675614 0.0122584 0.0115824 0.295323
0 0.326372 0.139986 0.0133433 0.00791871 0.293708
0 0.408178 0.831126 0.0148593 0.0132472 0.291681
0 0.173759 0.317788 0.0135729 0.0107445 0.290151
0 0.557271 0.240471 0.0131669 0.00829079 0.287067
0 0.73957 0.437813 0.0109528 0.00817562 0.280864
0 0.137343 0.732878 0.0127021 0.00994207 0.278611
0 0.141632 0.20054 0.0152863 0.00965734 0.275869
0 0.183421 0.608376 0.0127989 0.0118413 0.270468
0 0.603471 0.638329 0.00896543 0.0061353 0.265621
0 0.547699 0.692519 0.0153127 0.0105776 0.258462
0 0.679429 0.415577 0.0146455 0.0124427 0.256145
0 0.705494 0.424049 0.0130434 0.00887577 0.254631
0 0.610917 0.280288 0.00806778 0.00843799 0.244543
0 0.729624 0.459302 0.0129145 0.00751738 0.238974
0 0.61605 0.280306 0.00869553 0.00791983 0.235921
0 0.365056 0.551141 0.0145748 0.0125486 0.224896
0 0.856098 0.37903 0.0157585 0.0101492 0.221937
0 0.785593 0.606245 0.0166062 0.0101909 0.221736
0 0.0257911 0.330425 0.0133437 0.0110989 0.216334
0 0.192632 0.603016 0.0154509 0.0107289 0.215763
0 0.650429 0.692265 0.0132691 0.0105946 0.202609
0 0.996396 0.140723 0.00720901 0.0103114 0.198803
0 0.0669338 0.184259 0.0129711 0.00943269 0.19747
0 0.391928 0.541907 0.0129069 0.0115731 0.191871
0 0.714648 0.137668 0.0150457 0.00983132 0.187504
0 0.194809 0.306449 0.0152541 0.00874489 0.183657
0 0.0684874 0.829126 0.0137124 0.00986299 0.17685
0 0.440616 0.213237 0.0118388 0.0100208 0.173471
0 0.00540233 0.757436 0.010795 0.0118056 0.161962
0 0.351382 0.330054 0.013979 0.00868561 0.157468
0 0.725044 0.868856 0.0135623 0.0132383 0.157224
0 0.606497 0.146623 0.0143816 0.0117178 0.156316
0 0.595918 0.12369 0.0123196 0.011626 0.143986
0 0.750774 0.294013 0.0117623 0.00764662 0.140826
0 0.576673 0.687777 0.0138426 0.0105663 0.139952
0 0.752068 0.285143 0.0130314 0.00736679 0.139098
0 0.616623 0.688411 0.015458 0.0106127 0.138294
0 0.651512 0.808888 0.00873602 0.00750866 0.134043
0 0.176829 0.602334 0.0144203 0.011403 0.133311
0 0.00365106 0.263855 0.00730212 0.00856239 0.130114
0 0.431581 0.417718 0.0151185 0.01229 0.128896
0 0.702291 0.279543 0.0142268 0.00954676 0.123101
0 0.504779 0.53694 0.015268 0.0096226 0.122138
0 0.197184 0.128141 0.00929119 0.00733784 0.11937
0 0.996957 0.479881 0.0060713 0.00835988 0.116155
0 0.0229154 0.178439 0.0135127 0.0107495 0.116038
0 0.538842 0.152109 0.0138133 0.00893687 0.115983
0 0.0546757 0.960435 0.0173683 0.0129539 0.113007
0 0.697511 0.525311 0.0123655 0.010165 0.111315
0 0.35634 0.292839 0.014915 0.00988939 0.108344
0 0.547191 0.997833 0.0122867 0.0043335 0.107485
